It	Lh	Lh + Prior	No Pram	Alpha	Sigma^2	Alpha Scale Prior	Node ID	
301000	-11.400656	-15.990992	1	1.042473	0.891754	1.100000	1	
302000	-11.987128	-19.451350	2	1.493697	1.033969	1.100000	7	
303000	-11.731848	-16.355595	1	1.217401	1.127847	1.100000	12	
304000	-11.195447	-13.232477	0	0.838972	0.802677	1.100000		
305000	-14.174555	-21.919441	2	1.064436	0.350101	1.100000	13	
306000	-11.177717	-13.260962	0	0.645888	0.978810	1.100000		
307000	-10.896210	-16.348115	1	0.279514	0.567010	1.100000	8	
308000	-13.156001	-15.545143	0	1.171893	2.133751	1.100000		
309000	-11.283801	-16.114573	1	0.631945	0.543247	1.100000	16	
310000	-11.061692	-18.658746	2	0.496152	0.858663	1.100000	18	
311000	-12.748760	-18.022081	1	0.698055	1.688276	1.100000	17	
312000	-12.344705	-17.150464	1	0.963371	0.639243	1.100000	1	
313000	-13.005057	-21.261212	2	1.839413	0.826273	1.100000	1	
314000	-11.998072	-16.717526	1	1.395918	1.089278	1.100000	14	
315000	-11.746286	-19.391662	2	1.125465	0.968465	1.100000	7	
316000	-11.295627	-16.330530	1	1.556320	0.807866	1.100000	10	
317000	-11.264754	-14.209718	0	0.171174	1.137909	1.100000		
318000	-12.099538	-16.801731	1	1.526888	0.895625	1.100000	7	
319000	-13.125780	-18.117909	1	1.752388	1.220760	1.100000	13	
320000	-13.731545	-16.242032	0	2.373831	0.952562	1.100000		
321000	-12.432089	-19.918695	2	1.376598	0.869264	1.100000	2	
322000	-10.999207	-13.232195	0	0.469486	0.883338	1.100000		
323000	-10.727174	-20.350779	2	0.060733	0.796335	1.100000	4	
324000	-13.797978	-24.076255	3	1.778288	1.490011	1.100000	16	
325000	-14.679638	-23.223567	2	1.573537	0.493533	1.100000	9	
326000	-11.333504	-16.256584	1	0.568895	0.805494	1.100000	18	
327000	-13.019319	-22.226129	2	0.681884	2.055592	1.100000	9	
328000	-14.038963	-20.437100	1	0.846684	2.117149	1.100000	16	
329000	-12.047725	-23.639392	3	0.871951	0.897307	1.100000	9	
330000	-11.662201	-17.194486	1	0.462881	0.510829	1.100000	8	
331000	-15.643045	-22.010803	1	2.541845	2.740494	1.100000	11	
332000	-11.367227	-13.470533	0	0.624696	1.132902	1.100000		
333000	-11.677223	-16.649356	1	0.627879	0.836055	1.100000	2	
334000	-12.096727	-14.174648	0	1.153295	1.412877	1.100000		
335000	-12.142274	-16.863163	1	0.869320	1.592899	1.100000	8	
336000	-11.985350	-16.666935	1	1.355641	1.178712	1.100000	7	
337000	-12.051182	-14.146928	0	1.501270	1.040215	1.100000		
338000	-13.786946	-21.867094	2	2.433057	0.631457	1.100000	9	
339000	-11.289105	-13.696431	0	0.459045	0.524650	1.100000		
340000	-12.363012	-22.916915	3	1.247248	0.465942	1.100000	7	
341000	-12.352647	-17.081697	1	1.106867	1.332457	1.100000	14	
342000	-11.728522	-14.116718	0	0.395537	1.405644	1.100000		
343000	-13.505501	-18.634208	1	1.624398	2.190692	1.100000	1	
344000	-10.915787	-15.566521	0	0.026987	0.856756	1.100000		
345000	-11.963758	-14.144315	0	0.984854	0.513041	1.100000		
346000	-11.869707	-13.937131	0	0.873363	1.382682	1.100000		
347000	-10.962147	-13.864935	0	0.203207	0.607272	1.100000		
348000	-12.936678	-17.843566	1	0.957596	1.971659	1.100000	14	
349000	-13.280267	-18.371368	1	0.598099	2.165122	1.100000	1	
350000	-10.150106	-17.793016	2	0.799484	0.680510	1.100000	1	
351000	-12.770238	-17.756235	1	1.213824	1.699386	1.100000	3	
352000	-12.653135	-17.651715	1	0.416442	1.563857	1.100000	6	
353000	-11.244748	-13.515670	0	0.571554	0.559805	1.100000		
354000	-11.691778	-16.792743	1	0.665300	1.201978	1.100000	12	
355000	-11.662988	-16.492840	1	0.940410	0.552908	1.100000	7	
356000	-13.033595	-18.682041	1	1.380953	0.710905	1.100000	11	
357000	-10.897345	-13.596460	0	0.235002	0.831865	1.100000		
358000	-13.487368	-16.056117	0	2.280355	1.552759	1.100000		
359000	-15.749397	-21.834720	1	1.680141	1.873350	1.100000	9	
360000	-11.432313	-16.070583	1	0.817586	1.134147	1.100000	3	
361000	-10.439781	-15.482651	1	0.619280	0.619712	1.100000	9	
362000	-14.117084	-17.012895	0	0.793378	2.954209	1.100000		
363000	-12.734304	-18.118083	1	1.253551	1.387600	1.100000	14	
364000	-13.035018	-17.982730	1	1.418515	1.935082	1.100000	7	
365000	-11.154099	-13.241809	0	0.763675	0.705322	1.100000		
366000	-12.495737	-14.673664	0	1.389269	1.565890	1.100000		
367000	-11.704382	-13.838090	0	0.643025	1.346962	1.100000		
368000	-11.688068	-14.153872	0	0.346672	1.386640	1.100000		
369000	-12.143758	-14.758644	0	0.318996	1.660331	1.100000		
370000	-10.898120	-13.306086	0	0.361610	0.777517	1.100000		
371000	-11.499243	-13.535936	0	1.107339	0.770171	1.100000		
372000	-11.439568	-19.205976	2	0.772627	0.350778	1.100000	7	
373000	-11.801154	-19.146350	2	1.153846	1.111767	1.100000	8	
374000	-12.252655	-18.050906	1	0.413567	0.498824	1.100000	5	
375000	-12.708465	-15.054503	0	0.696009	1.961184	1.100000		
376000	-12.613604	-17.549749	1	0.645751	1.881396	1.100000	12	
377000	-11.919969	-13.966847	0	1.082022	1.325410	1.100000		
378000	-13.059271	-18.588221	1	0.295133	2.038032	1.100000	16	
379000	-10.302630	-18.880849	2	0.941696	0.610141	1.100000	8	
380000	-12.318304	-20.308299	2	0.514755	1.420685	1.100000	9	
381000	-11.813245	-13.885149	0	1.333280	0.787967	1.100000		
382000	-10.448335	-18.628863	2	0.762889	0.823104	1.100000	10	
383000	-15.733326	-19.654580	0	1.132479	4.393255	1.100000		
384000	-15.293200	-21.359268	1	1.043797	3.813038	1.100000	15	
385000	-11.851908	-18.736985	1	0.775769	1.329450	1.100000	10	
386000	-11.462185	-16.642558	1	1.539765	0.815959	1.100000	9	
387000	-12.716668	-20.430967	2	0.915871	0.308587	1.100000	10	
388000	-11.577790	-16.553905	1	1.209475	0.575940	1.100000	12	
389000	-15.244528	-27.485667	3	1.716851	1.510536	1.100000	9	
390000	-11.350570	-16.112952	1	0.562786	0.870017	1.100000	7	
391000	-13.478773	-23.911612	2	1.905120	0.630058	1.100000	9	
392000	-12.493003	-14.703361	0	1.768091	1.164209	1.100000		
393000	-10.723831	-21.117996	3	1.047393	0.646201	1.100000	8	
394000	-11.183782	-13.233022	0	0.722927	0.940147	1.100000		
395000	-11.230862	-18.317991	1	0.371031	0.850374	1.100000	7	
396000	-13.561367	-18.650780	1	1.814273	0.908884	1.100000	16	
397000	-16.566880	-22.835367	1	1.299440	3.890384	1.100000	9	
398000	-10.485325	-15.371470	1	0.747731	0.879223	1.100000	10	
399000	-12.343881	-19.660085	2	1.325633	1.326156	1.100000	6	
400000	-12.081814	-14.166458	0	1.388249	1.237662	1.100000		
401000	-12.152533	-14.441593	0	0.781366	0.439998	1.100000		
402000	-12.689677	-21.622316	2	1.080306	1.342992	1.100000	10	
403000	-12.699763	-17.535094	1	1.591996	1.580779	1.100000	6	
404000	-11.579683	-13.583964	0	1.045475	1.083164	1.100000		
405000	-13.007278	-18.009662	1	0.536575	1.719921	1.100000	9	
406000	-11.428460	-13.518219	0	0.930793	0.638299	1.100000		
407000	-11.667130	-16.262740	1	0.998791	1.040339	1.100000	15	
408000	-10.779655	-15.987495	1	0.289947	0.832944	1.100000	14	
409000	-12.446673	-17.638288	1	1.014155	0.467741	1.100000	2	
410000	-11.287621	-13.380748	0	0.632505	1.073186	1.100000		
411000	-12.691772	-14.956602	0	1.911555	1.049630	1.100000		
412000	-11.439737	-17.330464	1	0.257704	1.332361	1.100000	10	
413000	-13.287141	-24.106945	3	2.179032	0.996990	1.100000	16	
414000	-11.757574	-17.616656	1	0.122581	1.298528	1.100000	6	
415000	-11.244745	-16.025878	1	1.067243	0.807386	1.100000	12	
416000	-11.794868	-16.646174	1	1.534874	0.893705	1.100000	2	
417000	-14.734366	-23.343394	2	2.331341	1.672883	1.100000	10	
418000	-9.804926	-15.677537	1	0.332317	0.401623	1.100000	10	
419000	-14.127986	-19.527033	1	0.979455	2.687744	1.100000	17	
420000	-12.240800	-14.365984	0	1.490257	1.283344	1.100000		
421000	-11.313012	-16.237161	1	0.739423	0.477507	1.100000	14	
422000	-11.861722	-17.431446	1	1.304419	0.340418	1.100000	10	
423000	-11.360125	-18.765221	2	0.642666	0.983639	1.100000	7	
424000	-12.581273	-14.861810	0	0.750984	1.868108	1.100000		
425000	-12.384605	-17.269778	1	1.858974	1.064657	1.100000	2	
426000	-12.607323	-22.953661	3	1.328598	1.422712	1.100000	12	
427000	-11.078629	-13.168433	0	0.701087	0.762690	1.100000		
428000	-11.554545	-13.558712	0	1.001149	1.094082	1.100000		
429000	-11.562121	-13.895376	0	0.414659	1.302858	1.100000		
430000	-12.450172	-20.202838	2	2.033830	0.994467	1.100000	9	
431000	-13.947241	-19.469081	1	2.452666	1.929068	1.100000	6	
432000	-10.870328	-14.235230	0	0.111917	0.685767	1.100000		
433000	-10.861757	-15.733731	1	0.749727	0.614561	1.100000	12	
434000	-13.923291	-21.896175	2	0.728806	1.682220	1.100000	16	
435000	-12.826283	-17.797835	1	1.529650	1.225362	1.100000	1	
436000	-11.739011	-16.388741	1	0.793910	1.317308	1.100000	2	
437000	-12.168926	-19.747685	2	0.568625	0.707036	1.100000	16	
438000	-13.009683	-22.120402	2	0.875228	1.109091	1.100000	16	
439000	-14.793637	-20.451350	1	0.303565	1.679550	1.100000	8	
440000	-11.141674	-15.940822	1	0.608694	0.611349	1.100000	7	
441000	-12.706696	-14.967419	0	0.940186	1.901506	1.100000		
442000	-15.187122	-26.912983	3	2.773237	2.001336	1.100000	6	
443000	-12.886590	-15.199012	0	0.977583	2.010599	1.100000		
444000	-10.976236	-13.206612	0	0.521009	0.698362	1.100000		
445000	-11.946348	-13.999117	0	1.271318	1.221966	1.100000		
446000	-11.449212	-16.545148	1	0.483477	1.365456	1.100000	10	
447000	-11.261990	-13.280083	0	0.829561	0.943249	1.100000		
448000	-10.913748	-16.168820	1	0.320524	0.866980	1.100000	14	
449000	-12.802489	-17.670980	1	1.760056	1.268487	1.100000	16	
450000	-11.978640	-16.799558	1	1.559362	0.925885	1.100000	12	
451000	-13.880743	-16.639246	0	2.401041	1.846841	1.100000		
452000	-12.328931	-14.482564	0	1.580766	1.269025	1.100000		
453000	-11.366789	-13.408251	0	0.986374	0.739252	1.100000		
454000	-12.680558	-14.930171	0	1.871858	0.906279	1.100000		
455000	-13.713025	-22.753125	2	1.951987	1.079620	1.100000	10	
456000	-9.826347	-15.488293	1	0.392341	0.652536	1.100000	10	
457000	-11.765721	-16.500524	1	1.136778	0.997549	1.100000	8	
458000	-11.499375	-16.746486	1	0.510909	1.057593	1.100000	14	
459000	-13.119425	-15.534275	0	1.876923	1.695592	1.100000		
460000	-12.083570	-14.201029	0	1.508787	0.813205	1.100000		
461000	-12.792247	-15.084838	0	1.968410	1.053987	1.100000		
462000	-12.382562	-17.667314	1	0.744388	0.775394	1.100000	16	
463000	-13.301710	-18.307425	1	0.748781	1.788721	1.100000	2	
464000	-11.083856	-20.041604	2	0.189630	0.352626	1.100000	7	
465000	-12.291906	-14.451121	0	1.661293	0.898594	1.100000		
466000	-10.106539	-17.832499	2	0.765850	0.597747	1.100000	10	
467000	-13.772751	-16.427098	0	1.471959	2.475374	1.100000		
468000	-11.124064	-13.206326	0	0.747644	0.732504	1.100000		
469000	-12.665392	-17.918539	1	1.305986	0.429899	1.100000	3	
470000	-11.437057	-16.838006	1	0.396360	1.348188	1.100000	10	
471000	-9.850453	-15.065627	1	0.540202	0.571704	1.100000	10	
472000	-11.960042	-14.161765	0	0.918449	0.494993	1.100000		
473000	-11.433677	-16.049934	1	1.160316	1.051152	1.100000	13	
474000	-14.536484	-17.664388	0	2.592140	2.337202	1.100000		
475000	-11.457208	-16.168909	1	0.851202	0.632849	1.100000	16	
476000	-13.265005	-25.465368	3	1.014860	1.262793	1.100000	10	
477000	-11.993962	-28.532097	5	0.699776	0.649238	1.100000	6	
478000	-11.814227	-22.159086	2	0.081055	1.132181	1.100000	7	
479000	-14.635178	-19.773947	1	1.764881	1.040495	1.100000	7	
480000	-11.709723	-16.470325	1	0.663677	1.395759	1.100000	9	
481000	-12.056508	-20.773955	2	0.473822	0.950135	1.100000	7	
482000	-11.421431	-13.520686	0	0.904920	0.625963	1.100000		
483000	-11.635643	-16.308086	1	0.788741	1.344718	1.100000	5	
484000	-12.746042	-15.029253	0	1.795774	1.431819	1.100000		
485000	-12.936751	-18.145824	1	0.444070	1.917487	1.100000	2	
486000	-11.617933	-16.351121	1	0.607181	1.304598	1.100000	7	
487000	-9.810355	-18.021380	2	0.687099	0.462519	1.100000	10	
488000	-10.873061	-13.603903	0	0.238205	0.696898	1.100000		
489000	-12.198718	-17.108187	1	0.532200	1.643338	1.100000	12	
490000	-12.741056	-17.710100	1	1.209150	1.475985	1.100000	18	
491000	-14.105575	-19.500767	1	2.030613	2.229256	1.100000	14	
492000	-14.851592	-20.412701	1	3.041724	1.344630	1.100000	8	
493000	-12.746959	-17.550994	1	1.281348	1.707698	1.100000	2	
494000	-11.332760	-13.416934	0	0.882020	0.657879	1.100000		
495000	-13.623342	-20.167010	1	0.978983	0.253990	1.100000	8	
496000	-14.015486	-21.905290	2	1.177147	0.729950	1.100000	1	
497000	-11.335025	-18.701100	2	1.085832	0.681077	1.100000	8	
498000	-11.638943	-16.885412	1	0.724798	0.961615	1.100000	10	
499000	-12.311032	-20.093777	2	1.259769	1.258411	1.100000	3	
500000	-10.642739	-18.180410	2	0.424847	0.711744	1.100000	2	
501000	-15.123431	-26.202614	3	3.378112	1.162052	1.100000	8	
502000	-13.838224	-19.265392	1	0.563957	2.699143	1.100000	16	
503000	-11.841496	-16.459335	1	1.227202	1.159398	1.100000	17	
504000	-12.528221	-18.159759	1	0.197093	1.802722	1.100000	11	
505000	-11.430222	-14.347569	0	0.180582	1.241574	1.100000		
506000	-13.059026	-17.965405	1	1.767227	1.455153	1.100000	13	
507000	-13.359213	-18.852296	1	1.304073	2.216308	1.100000	9	
508000	-11.075388	-13.182862	0	0.687127	0.728919	1.100000		
509000	-11.274218	-16.091503	1	0.623022	0.788153	1.100000	2	
510000	-11.109173	-15.855194	1	0.683786	0.674721	1.100000	7	
511000	-11.373478	-13.376285	0	0.971186	0.932538	1.100000		
512000	-13.267821	-15.703762	0	2.231282	1.125160	1.100000		
513000	-12.867532	-20.577962	2	0.625940	1.235541	1.100000	9	
514000	-11.834508	-20.732203	2	0.732968	0.366387	1.100000	7	
515000	-11.885222	-17.104319	1	0.587734	1.293115	1.100000	4	
516000	-11.463208	-18.749602	2	1.184140	0.790246	1.100000	7	
517000	-12.609038	-17.548335	1	1.538881	1.074732	1.100000	16	
518000	-10.875311	-14.239558	0	0.106931	0.805679	1.100000		
519000	-11.382726	-20.405342	2	0.247122	1.063033	1.100000	9	
520000	-12.119011	-19.914952	2	0.876182	0.795773	1.100000	16	
521000	-12.648478	-22.326583	2	0.408574	1.588127	1.100000	10	
522000	-12.704060	-18.086284	1	1.812301	1.538135	1.100000	10	
523000	-15.408310	-22.084399	1	2.825169	3.023369	1.100000	9	
524000	-11.409575	-20.559651	2	0.119746	0.373726	1.100000	7	
525000	-12.515933	-23.202893	3	0.668127	0.501979	1.100000	8	
526000	-13.816550	-18.911053	1	1.920484	1.823357	1.100000	8	
527000	-12.662345	-20.554615	2	0.950885	1.202327	1.100000	4	
528000	-10.845771	-15.569498	1	0.831652	0.800219	1.100000	10	
529000	-11.892774	-13.950746	0	1.376557	1.045414	1.100000		
530000	-11.299931	-13.494830	0	0.504897	1.119347	1.100000		
531000	-13.110183	-15.844577	0	0.420083	2.264253	1.100000		
532000	-12.125904	-22.604270	3	1.504236	1.149639	1.100000	9	
533000	-10.983498	-16.156557	1	0.668475	0.788778	1.100000	12	
534000	-11.998100	-19.561263	2	1.593487	1.016987	1.100000	7	
535000	-14.338106	-19.943336	1	2.752331	1.814374	1.100000	14	
536000	-9.884552	-23.329548	4	0.777471	0.652374	1.100000	9	
537000	-11.680275	-16.502533	1	0.856559	0.911373	1.100000	9	
538000	-12.973901	-17.853216	1	1.157129	0.466333	1.100000	15	
539000	-12.279267	-16.973168	1	1.024299	1.329501	1.100000	15	
540000	-12.247737	-14.476312	0	0.672329	1.675129	1.100000		
541000	-13.059023	-22.003973	2	0.725701	1.151631	1.100000	6	
542000	-11.574095	-14.106973	0	0.306061	1.321965	1.100000		
543000	-10.923891	-15.795406	1	1.082067	0.686617	1.100000	9	
544000	-12.281207	-17.018116	1	1.602873	1.209633	1.100000	6	
545000	-11.421028	-16.476568	1	1.353874	1.092979	1.100000	10	
546000	-12.858841	-20.806700	2	0.945190	1.727964	1.100000	10	
547000	-14.364311	-20.091460	1	1.185338	2.433496	1.100000	18	
548000	-11.697435	-13.874785	0	0.863667	0.527491	1.100000		
549000	-13.378467	-21.933801	2	2.088991	0.984285	1.100000	7	
550000	-13.196503	-15.605081	0	2.188095	1.086198	1.100000		
551000	-12.114902	-14.243650	0	0.831547	1.552781	1.100000		
552000	-12.831279	-21.152033	2	1.200800	1.438262	1.100000	1	
553000	-13.078400	-18.030958	1	2.105273	0.915646	1.100000	9	
554000	-11.573701	-13.642844	0	1.093207	0.681304	1.100000		
555000	-11.271908	-13.314393	0	0.736441	1.015419	1.100000		
556000	-10.928488	-18.965489	2	0.364783	0.621382	1.100000	9	
557000	-10.969021	-14.663064	0	0.072985	0.917999	1.100000		
558000	-12.483477	-14.653922	0	1.170024	1.670669	1.100000		
559000	-11.612892	-16.217425	1	1.168829	1.019480	1.100000	8	
560000	-11.167937	-13.217314	0	0.726593	0.919844	1.100000		
561000	-11.580560	-13.810868	0	0.718153	0.512365	1.100000		
562000	-12.058415	-18.036022	1	0.335320	0.808487	1.100000	15	
563000	-11.184032	-16.159697	1	0.661519	0.413960	1.100000	9	
564000	-11.917766	-14.007740	0	1.393828	0.780929	1.100000		
565000	-12.035463	-16.776996	1	1.044543	1.535121	1.100000	10	
566000	-13.409430	-18.477691	1	1.250623	2.284418	1.100000	8	
567000	-13.799829	-21.838080	2	1.272733	1.554714	1.100000	6	
568000	-11.190322	-15.796622	1	0.927410	0.893558	1.100000	2	
569000	-13.695728	-19.084796	1	0.498061	2.081759	1.100000	10	
570000	-13.433730	-16.159078	0	0.540260	2.476046	1.100000		
571000	-12.452573	-17.302228	1	0.697772	1.774521	1.100000	14	
572000	-10.741818	-16.415823	1	0.148526	0.826046	1.100000	5	
573000	-10.948005	-13.212834	0	0.451614	0.820745	1.100000		
574000	-13.335953	-18.430981	1	1.161585	2.081339	1.100000	8	
575000	-12.728695	-17.718687	1	1.079298	1.399626	1.100000	11	
576000	-11.854381	-13.940536	0	1.323005	0.734526	1.100000		
577000	-10.435935	-16.334918	1	0.633268	0.855469	1.100000	10	
578000	-13.264877	-24.240812	3	1.647089	1.291631	1.100000	4	
579000	-10.890755	-13.796294	0	0.194793	0.661142	1.100000		
580000	-10.939422	-21.260813	2	0.752130	0.460098	1.100000	9	
581000	-11.561940	-13.566558	0	1.097581	1.017137	1.100000		
582000	-10.965145	-15.985797	1	0.638298	0.549537	1.100000	14	
583000	-11.234477	-13.281566	0	0.723825	0.989200	1.100000		
584000	-11.912160	-16.795842	1	1.280681	0.487024	1.100000	7	
585000	-11.574961	-20.438989	2	0.433249	0.944075	1.100000	12	
586000	-10.889895	-13.331793	0	0.345545	0.762287	1.100000		
587000	-10.696423	-15.610759	1	1.204142	0.714627	1.100000	10	
588000	-10.711728	-16.463162	1	0.163597	1.188052	1.100000	15	
589000	-12.363761	-20.328410	2	2.099205	0.851073	1.100000	7	
590000	-11.593307	-14.203662	0	0.275718	1.335759	1.100000		
591000	-11.319399	-14.163361	0	0.194785	1.172204	1.100000		
592000	-13.026166	-17.996906	1	1.344577	1.619553	1.100000	2	
593000	-12.742246	-15.018399	0	1.727052	1.502940	1.100000		
594000	-11.744019	-13.777676	0	0.937201	1.272882	1.100000		
595000	-10.371089	-18.317241	2	0.817383	0.421286	1.100000	10	
596000	-14.550043	-25.888787	2	0.567393	2.107318	1.100000	10	
597000	-13.140516	-18.829252	1	1.501501	0.731553	1.100000	2	
598000	-10.751354	-15.584054	1	0.517235	0.750117	1.100000	12	
599000	-12.624365	-23.382450	3	1.525358	0.956701	1.100000	8	
600000	-11.158027	-18.956228	2	0.374656	0.731504	1.100000	2	
601000	-11.131532	-17.140905	1	0.547709	0.655595	1.100000	7	
602000	-10.026128	-18.285954	2	0.485255	0.404676	1.100000	9	
603000	-12.803314	-18.745955	1	1.131191	1.121081	1.100000	5	
604000	-12.564416	-14.827165	0	0.782277	1.850242	1.100000		
605000	-14.285377	-17.240289	0	1.918195	2.670288	1.100000		
606000	-12.599478	-14.831676	0	1.696312	1.402847	1.100000		
607000	-11.798305	-13.858466	0	1.346113	0.857292	1.100000		
608000	-10.948433	-13.799124	0	0.191329	0.897872	1.100000		
609000	-11.150159	-16.060110	1	0.766983	1.119580	1.100000	9	
610000	-11.856702	-13.924829	0	1.388662	0.880204	1.100000		
611000	-10.970755	-18.621466	2	0.620100	1.130027	1.100000	9	
612000	-11.073283	-13.351950	0	0.426829	0.969751	1.100000		
613000	-11.267694	-14.655814	0	0.102643	1.140035	1.100000		
614000	-11.843054	-22.565561	3	1.418330	0.718619	1.100000	10	
615000	-12.593800	-19.990615	1	1.334969	1.456053	1.100000	7	
616000	-10.978474	-13.697147	0	0.225298	0.923969	1.100000		
617000	-11.525498	-13.535266	0	0.923231	1.119905	1.100000		
618000	-13.550873	-18.923292	1	1.301084	1.828502	1.100000	2	
619000	-10.482835	-19.063053	2	0.188059	0.935366	1.100000	6	
620000	-11.333682	-13.341355	0	0.883380	0.975969	1.100000		
621000	-11.723696	-16.691428	1	0.864448	0.606474	1.100000	2	
622000	-12.010323	-16.798586	1	1.530084	0.708687	1.100000	8	
623000	-10.864522	-16.093871	1	0.569992	1.083770	1.100000	10	
624000	-13.265348	-18.525205	1	2.019646	1.249333	1.100000	17	
625000	-13.839712	-19.160260	1	1.527085	1.862299	1.100000	15	
626000	-13.045300	-22.079021	2	1.691899	0.448800	1.100000	9	
627000	-13.924544	-16.623166	0	2.591738	1.384684	1.100000		
628000	-12.467488	-19.965705	2	1.787053	0.725161	1.100000	8	
629000	-11.041028	-16.168131	1	0.697921	0.599670	1.100000	14	
630000	-10.761540	-15.715266	1	0.390195	0.766602	1.100000	6	
631000	-13.736965	-19.289005	1	1.429347	1.875661	1.100000	18	
632000	-11.070158	-13.181645	0	0.679689	0.727400	1.100000		
633000	-14.613959	-17.787908	0	2.639692	2.366207	1.100000		
634000	-12.146707	-20.070017	2	1.267034	1.509215	1.100000	7	
635000	-11.513772	-16.196138	1	0.662980	1.166146	1.100000	9	
636000	-11.479714	-14.338295	0	0.195591	1.271310	1.100000		
637000	-12.695539	-18.448488	1	0.944315	1.862033	1.100000	9	
638000	-10.900071	-15.807010	1	0.477906	0.997990	1.100000	9	
639000	-12.172286	-14.534595	0	0.662075	0.419742	1.100000		
640000	-11.663417	-13.759677	0	1.078836	0.627846	1.100000		
641000	-11.625602	-19.024752	2	1.061916	0.654360	1.100000	8	
642000	-13.612957	-21.086335	2	1.481731	1.285955	1.100000	8	
643000	-12.665332	-17.521117	1	1.530509	1.443034	1.100000	6	
644000	-11.245977	-13.276928	0	0.772972	0.969759	1.100000		
645000	-11.376091	-13.544639	0	0.539467	1.162357	1.100000		
646000	-11.191257	-15.986507	1	0.937474	0.674473	1.100000	14	
647000	-12.259914	-14.434833	0	1.236477	0.546516	1.100000		
648000	-11.207545	-13.302759	0	0.624807	1.013771	1.100000		
649000	-11.518590	-13.527890	0	0.922487	1.114855	1.100000		
650000	-12.625815	-17.624373	1	0.823676	1.739727	1.100000	3	
651000	-9.703976	-16.528893	1	0.482462	0.473028	1.100000	10	
652000	-11.554271	-13.709125	0	0.580516	1.267717	1.100000		
653000	-11.735989	-19.560123	2	0.665703	0.990448	1.100000	18	
654000	-12.087279	-16.893162	1	0.912142	0.535333	1.100000	1	
655000	-13.113836	-18.042462	1	2.031191	0.863951	1.100000	18	
656000	-12.730033	-26.858234	4	0.531771	0.271316	1.100000	2	
657000	-11.428142	-13.506422	0	0.957160	0.656495	1.100000		
658000	-12.897819	-15.237820	0	1.932523	1.409638	1.100000		
659000	-10.929653	-13.549962	0	0.258628	0.869633	1.100000		
660000	-11.600835	-13.662345	0	0.757600	1.247254	1.100000		
661000	-12.053312	-17.128186	1	1.382425	0.676150	1.100000	14	
662000	-12.305666	-14.436986	0	1.399755	1.414974	1.100000		
663000	-11.958698	-14.083169	0	1.228808	0.614083	1.100000		
664000	-12.392968	-20.546913	2	1.837703	0.820652	1.100000	10	
665000	-11.715276	-18.934600	2	1.318759	0.893311	1.100000	6	
666000	-14.912288	-18.212060	0	1.437295	3.469149	1.100000		
667000	-13.872219	-21.706433	2	2.486869	1.228655	1.100000	17	
668000	-12.285992	-14.528108	0	0.665602	1.700191	1.100000		
669000	-11.507671	-16.329030	1	0.602003	0.715839	1.100000	1	
670000	-13.596791	-21.620503	2	1.923007	0.533988	1.100000	1	
671000	-10.950372	-13.464290	0	0.298808	0.885081	1.100000		
672000	-11.239635	-13.287265	0	0.875257	0.745688	1.100000		
673000	-11.466039	-13.474054	0	0.905280	1.082463	1.100000		
674000	-10.860207	-14.207651	0	0.110259	0.767029	1.100000		
675000	-12.974860	-17.969488	1	1.836397	1.696249	1.100000	10	
676000	-12.661970	-18.271869	1	0.358923	2.585285	1.100000	6	
677000	-12.220603	-17.097027	1	1.056556	0.775352	1.100000	8	
678000	-11.803548	-17.096359	1	1.038054	1.197252	1.100000	7	
679000	-12.968084	-22.531617	2	1.151291	1.215577	1.100000	7	
680000	-11.521435	-13.636326	0	0.631494	1.233951	1.100000		
681000	-14.043686	-19.441074	1	1.637777	2.430403	1.100000	8	
682000	-11.232080	-15.890216	1	1.083164	0.720787	1.100000	8	
683000	-12.716085	-14.994505	0	1.905763	1.199167	1.100000		
684000	-10.477737	-15.606976	1	0.485105	0.937512	1.100000	10	
685000	-12.300621	-17.743054	1	1.703388	0.875557	1.100000	7	
686000	-11.803738	-13.851755	0	1.340450	0.966538	1.100000		
687000	-13.546720	-16.133711	0	1.889523	2.053185	1.100000		
688000	-11.490421	-16.826283	1	0.358818	0.508402	1.100000	8	
689000	-12.167391	-14.309517	0	0.827169	1.587153	1.100000		
690000	-11.902336	-13.944318	0	1.163653	1.264838	1.100000		
691000	-11.024819	-16.199409	1	0.551611	0.722101	1.100000	7	
692000	-14.040052	-22.388577	2	2.514008	1.242467	1.100000	7	
693000	-10.965799	-17.894854	1	1.301152	0.744744	1.100000	10	
694000	-12.277650	-21.319645	2	0.119575	2.303034	1.100000	7	
695000	-11.845785	-19.180971	2	0.645266	1.459413	1.100000	8	
696000	-13.976628	-19.327656	1	2.723677	1.128645	1.100000	10	
697000	-11.050560	-13.182937	0	0.647303	0.715854	1.100000		
698000	-12.741037	-18.399327	1	0.226980	2.095951	1.100000	18	
699000	-10.754843	-15.937297	1	0.267612	0.892151	1.100000	1	
700000	-14.805897	-21.371279	1	0.161414	2.470517	1.100000	2	
701000	-14.437681	-20.705702	1	1.615725	2.678766	1.100000	10	
702000	-14.318848	-20.055654	1	2.519221	2.179522	1.100000	7	
703000	-11.463346	-13.634616	0	0.778570	0.556732	1.100000		
704000	-10.544990	-16.365915	1	0.250405	0.424427	1.100000	9	
705000	-12.256910	-17.129004	1	0.956711	0.420375	1.100000	7	
706000	-12.596557	-20.265796	2	1.286182	0.342037	1.100000	7	
707000	-11.929666	-17.027771	1	0.665600	0.829432	1.100000	15	
708000	-11.779283	-13.904879	0	0.678526	1.384777	1.100000		
709000	-13.366526	-21.356744	2	1.360607	1.018818	1.100000	7	
710000	-15.526262	-19.319061	0	1.968203	3.849717	1.100000		
711000	-11.915278	-21.927495	1	0.896910	1.271740	1.100000	9	
712000	-11.373528	-13.416018	0	0.990233	0.736232	1.100000		
713000	-11.383943	-13.385632	0	0.963519	0.955802	1.100000		
714000	-15.351381	-21.645180	1	1.430106	2.073979	1.100000	2	
715000	-11.291515	-16.120485	1	0.488063	0.879064	1.100000	15	
716000	-11.022884	-16.106882	1	0.345876	0.918588	1.100000	7	
717000	-12.276666	-14.484289	0	0.726802	1.681269	1.100000		
718000	-11.862588	-16.585658	1	1.095851	0.567747	1.100000	16	
719000	-11.834284	-13.890605	0	0.894414	1.351637	1.100000		
720000	-12.117593	-18.004511	1	0.333875	0.789085	1.100000	1	
721000	-13.083873	-22.508896	2	0.981203	1.512829	1.100000	9	
722000	-11.637088	-16.260258	1	1.218811	0.830679	1.100000	8	
723000	-11.333329	-19.888498	2	0.975066	1.065335	1.100000	9	
724000	-13.458986	-20.793848	1	0.478906	1.816043	1.100000	8	
725000	-11.051913	-13.197961	0	0.635684	0.698524	1.100000		
726000	-10.977279	-16.260178	1	0.570997	0.400861	1.100000	8	
727000	-10.965405	-18.828746	2	0.591003	0.491657	1.100000	7	
728000	-11.985309	-16.637276	1	1.188863	1.340901	1.100000	9	
729000	-10.508591	-16.470139	1	1.106397	0.694599	1.100000	10	
730000	-13.893049	-21.923634	2	0.837775	0.543933	1.100000	1	
731000	-12.620126	-14.863581	0	1.757852	1.349229	1.100000		
732000	-11.414858	-13.453554	0	1.030829	0.748362	1.100000		
733000	-10.680399	-15.503583	1	0.775172	0.760737	1.100000	9	
734000	-12.113627	-17.997030	1	0.513803	0.539391	1.100000	2	
735000	-11.588401	-13.711050	0	0.946285	0.584987	1.100000		
736000	-12.400823	-17.618163	1	1.048656	1.071640	1.100000	5	
737000	-12.578826	-20.935496	2	0.354713	1.596024	1.100000	3	
738000	-10.897098	-16.338282	1	0.189796	0.916337	1.100000	11	
739000	-10.831599	-15.663691	1	0.592293	0.688531	1.100000	17	
740000	-11.875006	-16.535760	1	1.252021	0.828808	1.100000	2	
741000	-11.529960	-16.928198	1	0.259706	0.790535	1.100000	8	
742000	-12.223144	-17.040758	1	0.667853	1.542964	1.100000	10	
743000	-11.932366	-16.584306	1	1.395717	0.926746	1.100000	16	
744000	-12.411473	-14.624445	0	1.136682	0.488990	1.100000		
745000	-13.358673	-20.298625	1	1.746378	1.349820	1.100000	4	
746000	-12.008312	-16.709396	1	1.507306	0.958358	1.100000	17	
747000	-11.665387	-13.779926	0	1.018963	0.594755	1.100000		
748000	-11.906967	-13.976798	0	1.419035	0.961180	1.100000		
749000	-12.533415	-14.732239	0	1.532497	1.496063	1.100000		
750000	-13.034133	-15.433646	0	0.831950	2.148220	1.100000		
751000	-11.064543	-15.879319	1	0.944516	0.643282	1.100000	12	
752000	-10.132921	-18.400319	2	0.421803	0.451860	1.100000	9	
753000	-12.381636	-20.017308	2	0.620079	0.429416	1.100000	1	
754000	-10.073095	-21.586197	3	0.662426	0.205692	1.100000	9	
755000	-13.086893	-21.800448	2	0.318864	2.039471	1.100000	7	
756000	-11.089853	-17.061537	1	0.289644	0.594465	1.100000	7	
757000	-11.989634	-16.691883	1	0.837875	1.166633	1.100000	15	
758000	-11.797285	-19.887930	2	1.654478	0.950135	1.100000	10	
759000	-15.282801	-18.169196	0	2.977355	0.987813	1.100000		
760000	-10.900432	-13.304721	0	0.375092	0.719722	1.100000		
761000	-10.623941	-15.543902	1	0.761780	0.613334	1.100000	9	
762000	-11.864767	-14.013914	0	0.664122	1.441239	1.100000		
763000	-11.055097	-13.659757	0	0.260888	0.985311	1.100000		
764000	-13.163254	-18.130085	1	1.295113	1.217381	1.100000	16	
765000	-12.474931	-17.362479	1	1.325529	1.568093	1.100000	7	
766000	-13.491404	-18.735417	1	0.602493	2.436904	1.100000	11	
767000	-10.938937	-13.475903	0	0.324051	0.640402	1.100000		
768000	-11.202241	-19.424042	2	0.214387	1.027525	1.100000	8	
769000	-14.264132	-19.459085	1	1.284554	1.933968	1.100000	16	
770000	-13.131766	-22.043855	2	0.763099	0.295016	1.100000	3	
771000	-12.092915	-14.424936	0	0.495403	1.611235	1.100000		
772000	-11.216370	-22.438131	3	0.733942	0.260743	1.100000	9	
773000	-12.386203	-17.500580	1	0.689094	0.500696	1.100000	1	
774000	-12.519116	-17.418191	1	0.845195	1.375042	1.100000	13	
775000	-12.644786	-17.483545	1	1.761160	0.830740	1.100000	18	
776000	-11.787304	-13.943995	0	0.628882	1.401643	1.100000		
777000	-11.407991	-13.415084	0	1.031103	0.889313	1.100000		
778000	-13.452981	-18.876762	1	0.509838	2.235376	1.100000	17	
779000	-11.309066	-19.159035	2	0.764230	0.565199	1.100000	7	
780000	-11.155562	-17.496700	1	0.091753	0.665276	1.100000	8	
781000	-13.038587	-15.410070	0	2.109036	1.137599	1.100000		
782000	-11.885156	-13.924380	0	1.156620	1.256185	1.100000		
783000	-11.087090	-18.647729	2	1.043146	0.440617	1.100000	10	
784000	-11.717321	-13.780514	0	0.799264	1.309545	1.100000		
785000	-11.484970	-13.522163	0	0.788375	1.156023	1.100000		
786000	-13.094311	-19.116371	1	0.570979	1.798254	1.100000	12	
787000	-11.936346	-13.986986	0	1.261937	1.221115	1.100000		
788000	-12.244115	-20.778823	2	1.233521	0.799909	1.100000	9	
789000	-12.164688	-14.300091	0	1.511197	0.751728	1.100000		
790000	-11.664250	-17.289620	1	0.269769	0.323781	1.100000	8	
791000	-13.319410	-22.552504	2	0.580574	0.339812	1.100000	1	
792000	-11.179768	-13.594004	0	0.343494	1.067113	1.100000		
793000	-11.437422	-19.304271	2	0.344206	0.755872	1.100000	8	
794000	-13.741404	-16.429870	0	2.063936	2.082912	1.100000		
795000	-12.876772	-17.737723	1	1.881495	0.785468	1.100000	8	
796000	-11.782981	-16.728988	1	1.281827	0.724091	1.100000	17	
797000	-13.523969	-16.083941	0	0.972453	2.459574	1.100000		
798000	-12.574076	-20.434388	2	1.946075	0.650298	1.100000	8	
799000	-11.920283	-20.883612	2	0.523216	0.512965	1.100000	6	
800000	-11.899752	-17.524986	1	0.178910	1.450109	1.100000	3	
801000	-11.381560	-25.625820	3	0.214737	0.638496	1.100000	9	
802000	-11.704051	-16.917052	1	0.513820	1.235720	1.100000	12	
803000	-11.867300	-17.043237	1	0.397669	1.286464	1.100000	8	
804000	-12.499046	-17.619199	1	1.322942	0.883631	1.100000	9	
805000	-14.171686	-17.045443	0	2.661733	1.751439	1.100000		
806000	-12.395464	-17.208864	1	1.245347	1.424980	1.100000	14	
807000	-11.051129	-13.291584	0	0.458208	0.940938	1.100000		
808000	-11.836566	-14.374999	0	0.323790	1.476983	1.100000		
809000	-11.144762	-16.019909	1	0.464605	0.877771	1.100000	2	
810000	-10.784992	-15.809205	1	0.984343	0.578593	1.100000	9	
811000	-12.232168	-14.340593	0	1.289447	1.432873	1.100000		
812000	-11.836807	-13.886705	0	0.928800	1.339627	1.100000		
813000	-13.726080	-16.408009	0	2.348692	1.742303	1.100000		
814000	-12.201284	-20.134317	2	0.831500	0.597129	1.100000	1	
815000	-13.443656	-15.982573	0	0.908668	2.417000	1.100000		
816000	-10.448847	-18.639716	2	0.870478	0.460036	1.100000	9	
817000	-15.026548	-23.629756	2	0.866287	3.600691	1.100000	10	
818000	-12.250887	-14.793131	0	0.370044	1.720933	1.100000		
819000	-12.622231	-17.413352	1	1.657033	0.718193	1.100000	2	
820000	-12.263027	-14.388178	0	1.441399	1.347958	1.100000		
821000	-11.131148	-16.116055	1	0.614456	0.731635	1.100000	9	
822000	-11.944895	-14.000554	0	1.025576	1.370545	1.100000		
823000	-12.135194	-20.036856	2	0.665573	1.096672	1.100000	5	
824000	-11.302274	-19.021949	2	0.413967	0.824002	1.100000	7	
825000	-13.630944	-18.828128	1	0.755746	2.312476	1.100000	5	
826000	-11.456889	-14.065994	0	0.269199	1.253700	1.100000		
827000	-10.152050	-15.499474	1	0.927627	0.502054	1.100000	10	
828000	-12.784446	-17.876610	1	0.478459	1.547063	1.100000	2	
829000	-13.251830	-19.105585	1	1.133483	1.488275	1.100000	6	
830000	-12.298845	-17.520038	1	0.616941	1.150854	1.100000	13	
831000	-11.039106	-22.049746	2	0.251219	0.730426	1.100000	7	
832000	-14.264109	-20.388380	1	1.011282	2.042649	1.100000	1	
833000	-10.478715	-15.998413	1	1.058594	0.738503	1.100000	10	
834000	-9.527023	-19.259705	2	0.292631	0.468645	1.100000	10	
835000	-13.121779	-21.526598	2	0.487018	2.768425	1.100000	6	
836000	-12.858414	-15.117123	0	1.779253	0.702407	1.100000		
837000	-11.038794	-16.293121	1	0.248843	0.895109	1.100000	8	
838000	-10.929937	-13.207914	0	0.450276	0.775294	1.100000		
839000	-11.551698	-14.333568	0	0.218082	1.313918	1.100000		
840000	-12.456607	-14.635323	0	1.530833	1.434537	1.100000		
841000	-11.720864	-21.734764	3	0.791858	1.259949	1.100000	7	
842000	-12.937446	-15.289852	0	2.022050	1.286023	1.100000		
843000	-11.246956	-13.273479	0	0.892806	0.811669	1.100000		
844000	-11.020575	-17.916166	1	0.300542	0.705059	1.100000	3	
845000	-11.759398	-16.372397	1	1.105364	1.229478	1.100000	5	
846000	-11.603823	-13.848408	0	0.702480	0.504216	1.100000		
847000	-10.897490	-13.364422	0	0.327321	0.801391	1.100000		
848000	-10.828649	-19.304871	2	0.154985	0.510361	1.100000	14	
849000	-12.651256	-19.848032	1	1.225370	1.068369	1.100000	8	
850000	-12.140720	-17.242700	1	1.859945	0.964197	1.100000	9	
851000	-13.820502	-16.551704	0	2.345999	1.856733	1.100000		
852000	-11.122405	-15.829015	1	0.598243	0.879673	1.100000	2	
853000	-11.621167	-16.812507	1	1.050192	1.290784	1.100000	9	
854000	-12.913037	-20.517343	2	1.909223	1.371857	1.100000	2	
855000	-12.141935	-14.274431	0	1.479756	0.730252	1.100000		
856000	-11.291491	-13.302388	0	0.872511	0.937991	1.100000		
857000	-12.255569	-17.135715	1	1.601334	0.768947	1.100000	7	
858000	-11.120018	-15.796287	1	0.679811	0.804285	1.100000	16	
859000	-13.032105	-15.320519	0	1.837113	0.693518	1.100000		
860000	-11.030084	-21.281733	3	0.971654	0.712738	1.100000	7	
861000	-11.642098	-17.169877	1	0.576455	0.911346	1.100000	8	
862000	-10.925436	-15.965494	1	0.884997	0.405416	1.100000	10	
863000	-12.064791	-21.971076	2	0.347236	0.889211	1.100000	7	
864000	-10.887350	-13.457543	0	0.282189	0.801270	1.100000		
865000	-11.444783	-14.184491	0	0.292738	0.475860	1.100000		
866000	-11.810245	-16.734798	1	0.616201	0.498873	1.100000	1	
867000	-12.799302	-21.808110	2	0.987277	1.221269	1.100000	7	
868000	-12.212746	-20.259111	2	1.578712	0.772791	1.100000	1	
869000	-11.557252	-18.952338	2	0.617405	0.937524	1.100000	6	
870000	-12.811282	-20.712145	2	1.365222	0.687597	1.100000	1	
871000	-11.611376	-17.944928	1	0.670957	0.447742	1.100000	9	
872000	-11.176784	-18.174668	1	0.036028	1.055904	1.100000	7	
873000	-10.934287	-13.409916	0	0.351976	0.652470	1.100000		
874000	-11.392852	-13.725417	0	0.542793	0.514835	1.100000		
875000	-11.489761	-16.289599	1	0.752780	1.146626	1.100000	7	
876000	-10.763445	-15.612966	1	0.833959	0.987361	1.100000	10	
877000	-13.045158	-18.358151	1	2.355035	0.863778	1.100000	10	
878000	-11.546697	-18.893112	2	0.689894	0.786884	1.100000	6	
879000	-12.256858	-19.825266	2	1.233649	1.068469	1.100000	9	
880000	-11.521425	-19.803127	2	0.888076	1.076927	1.100000	9	
881000	-14.439502	-20.153710	1	2.089944	2.109856	1.100000	18	
882000	-11.118047	-13.218611	0	0.619391	0.935779	1.100000		
883000	-12.220943	-16.985124	1	1.528005	1.141434	1.100000	14	
884000	-12.066245	-14.751475	0	0.281527	1.616344	1.100000		
885000	-12.743759	-17.625580	1	1.375747	1.862843	1.100000	7	
886000	-12.601125	-18.388489	1	1.776372	1.433854	1.100000	10	
887000	-15.880020	-20.004651	0	2.992291	3.473560	1.100000		
888000	-10.381774	-15.961883	1	0.573325	0.865457	1.100000	10	
889000	-11.535563	-16.791532	1	0.340415	1.250686	1.100000	7	
890000	-11.915772	-14.000476	0	1.415017	0.827583	1.100000		
891000	-11.236571	-15.988494	1	0.826269	0.909670	1.100000	14	
892000	-11.211283	-20.488763	2	0.533108	1.080745	1.100000	10	
893000	-10.828617	-20.097881	2	0.589543	0.349218	1.100000	6	
894000	-11.857366	-16.502003	1	0.938873	1.368483	1.100000	8	
895000	-11.377649	-13.382894	0	0.901227	1.006287	1.100000		
896000	-11.001000	-13.579245	0	0.271124	0.938965	1.100000		
897000	-11.563561	-19.122649	2	0.943729	1.012554	1.100000	10	
898000	-9.621767	-19.415032	2	0.355244	0.444241	1.100000	10	
899000	-13.031058	-15.516023	0	0.646062	2.182526	1.100000		
900000	-11.310957	-16.083331	1	0.709681	0.645343	1.100000	16	
901000	-11.350524	-15.942460	1	0.902935	0.935478	1.100000	4	
902000	-11.829702	-16.653635	1	1.501167	0.683407	1.100000	9	
903000	-12.927749	-17.839182	1	0.966470	2.039716	1.100000	7	
904000	-12.399107	-17.201503	1	1.025686	1.541944	1.100000	14	
905000	-12.655430	-14.901268	0	1.674849	1.476146	1.100000		
906000	-11.081316	-13.500842	0	0.414035	0.581442	1.100000		
907000	-13.319897	-20.911470	2	2.060451	1.208570	1.100000	7	
908000	-10.247026	-16.896039	1	0.778466	0.590770	1.100000	9	
909000	-12.098238	-19.494181	2	1.379039	1.348408	1.100000	10	
910000	-12.149602	-17.062341	1	1.660417	0.827776	1.100000	12	
911000	-10.949937	-18.742064	2	0.482279	0.566200	1.100000	10	
912000	-11.357930	-15.990734	1	1.112557	0.982276	1.100000	2	
913000	-11.607697	-13.623811	0	1.183788	0.954966	1.100000		
914000	-11.394510	-16.274514	1	1.547913	0.733427	1.100000	10	
915000	-11.372628	-13.597963	0	0.481888	1.172782	1.100000		
916000	-11.355144	-13.422457	0	0.687117	1.102782	1.100000		
917000	-11.992652	-14.070952	0	1.441052	1.074165	1.100000		
918000	-14.577349	-18.824048	0	0.145722	3.398153	1.100000		
919000	-12.848238	-15.151162	0	1.660188	1.651122	1.100000		
920000	-11.579871	-20.997459	2	0.307219	0.432092	1.100000	18	
921000	-11.972883	-14.060202	0	1.468701	0.924573	1.100000		
922000	-10.913014	-13.553346	0	0.277037	0.652038	1.100000		
923000	-11.088925	-15.980630	1	0.487346	0.614976	1.100000	1	
924000	-12.117555	-17.196133	1	0.753404	0.904243	1.100000	2	
925000	-11.125696	-16.090101	1	0.814733	0.699456	1.100000	14	
926000	-11.649981	-17.657066	1	0.557054	1.192120	1.100000	7	
927000	-11.165671	-23.582936	3	1.286833	0.790039	1.100000	7	
928000	-12.022110	-16.873425	1	0.565419	1.547645	1.100000	3	
929000	-13.710412	-19.752155	1	1.517025	0.549718	1.100000	1	
930000	-11.775239	-16.819693	1	0.606380	0.600969	1.100000	6	
931000	-14.442563	-20.064512	1	2.332798	2.345486	1.100000	10	
932000	-10.921627	-13.444188	0	0.297314	0.851357	1.100000		
933000	-12.251389	-24.050818	3	0.723850	0.959527	1.100000	1	
934000	-11.564426	-13.581000	0	1.164729	0.909774	1.100000		
935000	-11.231179	-13.252368	0	0.830969	0.902773	1.100000		
936000	-14.351981	-24.902088	3	0.892104	0.732769	1.100000	6	
937000	-10.824838	-21.818465	3	0.261774	0.378867	1.100000	8	
938000	-11.414037	-13.603319	0	0.521007	1.191479	1.100000		
939000	-12.361131	-14.504607	0	1.386170	1.467221	1.100000		
940000	-10.964206	-16.118285	1	0.275550	0.899178	1.100000	7	
941000	-11.431346	-19.504577	2	1.293132	1.044821	1.100000	10	
942000	-11.261453	-13.276122	0	0.874984	0.893286	1.100000		
943000	-12.044872	-16.704450	1	1.354399	1.239915	1.100000	6	
944000	-12.105624	-14.211623	0	0.911463	1.521582	1.100000		
945000	-12.565794	-14.797753	0	1.832009	1.107179	1.100000		
946000	-12.178182	-20.906040	2	0.228382	1.420131	1.100000	1	
947000	-11.391010	-16.198696	1	1.074842	0.873510	1.100000	4	
948000	-12.899209	-17.964858	1	1.278229	0.563082	1.100000	16	
949000	-13.814310	-19.190256	1	0.496748	1.799289	1.100000	16	
950000	-13.438216	-25.084688	3	2.185899	0.682070	1.100000	6	
951000	-10.366937	-15.860117	1	0.293278	0.554548	1.100000	9	
952000	-10.997250	-17.114126	1	0.242993	0.466748	1.100000	17	
953000	-10.822775	-16.595567	1	0.594216	1.022571	1.100000	10	
954000	-11.482586	-16.084028	1	0.975221	1.036198	1.100000	9	
955000	-11.526794	-13.624880	0	0.974003	0.620481	1.100000		
956000	-11.405818	-17.076159	1	0.777830	0.534895	1.100000	17	
957000	-11.113529	-13.730313	0	0.314010	0.554182	1.100000		
958000	-11.818932	-19.735816	2	0.343986	1.227660	1.100000	16	
959000	-11.503760	-13.543421	0	0.786560	1.170131	1.100000		
960000	-14.009607	-23.057900	2	0.433946	1.701763	1.100000	8	
961000	-11.423710	-13.874044	0	0.335404	1.227444	1.100000		
962000	-13.074259	-20.946431	2	2.296644	1.345004	1.100000	6	
963000	-11.487863	-16.267148	1	1.109101	0.957963	1.100000	3	
964000	-14.563170	-17.641414	0	1.149099	3.245345	1.100000		
965000	-13.376909	-21.911634	2	1.064232	1.969818	1.100000	10	
966000	-13.911997	-16.312390	0	1.938123	0.581020	1.100000		
967000	-12.512712	-22.151599	2	1.465190	1.341427	1.100000	7	
968000	-12.553776	-17.326653	1	1.195325	1.706125	1.100000	7	
969000	-11.476967	-17.803692	1	0.631840	0.521343	1.100000	7	
970000	-11.407147	-16.363578	1	0.542710	0.876108	1.100000	18	
971000	-13.409433	-22.493229	2	1.857786	0.860092	1.100000	17	
972000	-13.248194	-18.157606	1	0.617562	1.077659	1.100000	7	
973000	-11.440594	-13.442262	0	1.028381	0.950391	1.100000		
974000	-10.172881	-15.417542	1	0.743916	0.741374	1.100000	10	
975000	-11.650550	-16.319257	1	1.198479	0.681072	1.100000	14	
976000	-11.072090	-13.347465	0	0.519924	0.614610	1.100000		
977000	-13.668312	-21.522686	2	0.424768	1.625596	1.100000	7	
978000	-12.244109	-17.553003	1	1.691828	0.644375	1.100000	10	
979000	-13.004711	-20.965023	2	0.875021	2.033474	1.100000	7	
980000	-11.827631	-23.336126	3	0.578500	0.777160	1.100000	2	
981000	-14.835965	-20.787278	1	1.331769	0.406228	1.100000	11	
982000	-12.411837	-22.796284	3	0.599657	1.663602	1.100000	7	
983000	-11.211868	-21.422924	3	0.435154	1.050268	1.100000	7	
984000	-11.438778	-13.450638	0	1.066767	0.866937	1.100000		
985000	-10.769361	-18.505092	2	0.759857	1.187293	1.100000	6	
986000	-11.534182	-13.571535	0	1.137474	0.779192	1.100000		
987000	-11.638992	-16.965747	1	0.784146	1.004640	1.100000	17	
988000	-13.072326	-17.979813	1	2.013096	0.969875	1.100000	13	
989000	-11.650015	-13.699577	0	1.221907	0.781404	1.100000		
990000	-11.318441	-16.102597	1	0.501378	1.098549	1.100000	3	
991000	-12.178143	-14.303618	0	1.580590	1.075048	1.100000		
992000	-13.140200	-18.920811	1	0.751983	1.831989	1.100000	4	
993000	-10.936058	-14.100560	0	0.131898	0.887245	1.100000		
994000	-12.650463	-14.982795	0	0.687790	1.925409	1.100000		
995000	-11.148254	-16.251760	1	0.418476	1.026321	1.100000	3	
996000	-11.119527	-13.239774	0	0.702818	0.681901	1.100000		
997000	-11.695090	-13.719153	0	1.235704	1.000244	1.100000		
998000	-12.762278	-21.965885	2	0.431289	0.597189	1.100000	1	
999000	-10.981961	-13.352872	0	0.369170	0.901072	1.100000		
1000000	-14.467502	-19.944941	1	1.277320	1.576323	1.100000	9	
