[1] "# Chain 1"
bayou MCMC chain: 10000 generations
1000 samples, first 300 samples discarded as burnin


Summary statistics for parameters:
                   Mean         SD   Naive SE Time-series SE Effective Size
lnL       -8.786257e+01  0.7396856 0.02793754     0.06291544      138.22286
prior     -5.260061e+01 11.9357852 0.45080839     2.97711793       16.07348
alpha      1.000000e-10  0.0000000 0.00000000     0.00000000        0.00000
sig2       2.505564e+00  0.5030062 0.01899828     0.04163250      145.97612
k          8.915835e+00  3.3568766 0.12678748     0.97121152       11.94657
ntheta     9.915835e+00  3.3568766 0.12678748     0.97121152       11.94657
root      -8.822875e-02  1.1660824 0.04404232     0.34394249       11.49441
all theta -7.101563e-01  1.4894756         NA             NA             NA


Branches with posterior probabilities higher than 0.1:
          pp magnitude.of.theta2 naive.SE.of.theta2 rel.location
18 0.3580599         -0.63626586         0.07921107   0.29430840
34 0.2867332         -1.65130826         0.08020404   1.85193235
49 0.2824536          0.31471902         0.07045518   1.10668737
79 0.2710414         -0.36548867         0.10595115  18.18393912
42 0.2211127         -1.30813746         0.06505529   2.04562555
64 0.2139800         -1.30380917         0.08883681   0.06274982
7  0.2039943          0.03838804         0.13356329   1.04881456
61 0.1968616         -1.55024534         0.10590344   0.05728741
83 0.1940086         -0.39137834         0.12737750  12.43854978
66 0.1868759         -1.60294833         0.07143023   0.11296325
98 0.1797432         -0.80149438         0.13275812   4.85850099
51 0.1740371         -0.43865182         0.12355858   0.07240332
9  0.1697575         -1.57057360         0.16404894   0.36778265
70 0.1697575         -0.81195940         0.11744285   0.21127084
95 0.1640514          0.08537850         0.13035568  13.02654904
40 0.1626248         -0.67550647         0.20972480   0.84409465
31 0.1597718         -2.68221695         0.10609537   4.14994930
24 0.1512126         -0.62299535         0.07932253   2.23823657
1  0.1455064         -0.37563178         0.13463274   0.07147483
72 0.1440799         -0.93751316         0.16649757   1.26455186
48 0.1412268          0.27383764         0.11414433   6.03148856
80 0.1398003         -0.78245722         0.10713310   4.26957560
97 0.1340942         -0.80111142         0.16073100   3.19543689
6  0.1326676         -0.89682438         0.19517894   0.92330100
89 0.1298146          0.05443053         0.11148352   0.78739229
84 0.1269615         -0.97081426         0.11446941   0.28640921
69 0.1241084         -2.40134301         0.17702066   1.15743188
73 0.1212553         -1.40872901         0.18884681   0.36226985
56 0.1198288         -0.36199326         0.07913384   0.18124171
88 0.1169757         -0.75133288         0.12462421   1.61303511
71 0.1155492         -1.43846615         0.18605482   0.79464807
28 0.1126961         -0.72476727         0.12887720   8.41582128
36 0.1098431         -0.79530526         0.12295334   1.45334255
25 0.1027104         -0.08061906         0.19133133  10.92558420
87 0.1027104         -0.06208629         0.12648646   0.17600519
44 0.1012839         -0.29514123         0.14862130   5.30330422
46 0.1012839         -0.57887064         0.20617733  37.06983578
[1] "# Chain 2"
bayou MCMC chain: 10000 generations
1000 samples, first 300 samples discarded as burnin


Summary statistics for parameters:
                   Mean         SD   Naive SE Time-series SE Effective Size
lnL       -8.784697e+01  0.7725037 0.02917706     0.09736610       62.94852
prior     -5.048630e+01 11.3498387 0.42867749     2.57309067       19.45670
alpha      1.000000e-10  0.0000000 0.00000000     0.00000000        0.00000
sig2       2.463777e+00  0.4391834 0.01658773     0.02928375      224.92531
k          8.497860e+00  3.1855134 0.12031518     0.74014670       18.52351
ntheta     9.497860e+00  3.1855134 0.12031518     0.74014670       18.52351
root      -1.251479e+00  1.0950370 0.04135898     0.24615071       19.79044
all theta -1.022929e+00  1.3691354         NA             NA             NA


Branches with posterior probabilities higher than 0.1:
          pp magnitude.of.theta2 naive.SE.of.theta2 rel.location
59 0.2667618           0.1007436         0.07312568   0.13072677
93 0.2453638          -1.5586741         0.10990682   0.44774216
68 0.2154066          -0.2401951         0.10530233   0.25279764
38 0.2111270          -1.5137460         0.09433494   0.05784872
80 0.1840228          -0.8299976         0.12485434   2.48110956
47 0.1754636          -1.5737801         0.17844025   0.01331958
19 0.1740371          -0.9906059         0.14926935   0.20185395
50 0.1711840          -0.4195111         0.10163973   0.10047796
92 0.1669044          -0.6231877         0.09544783   4.19333032
37 0.1640514          -0.8590819         0.12038196   1.23764944
53 0.1526391          -0.9325456         0.09934534   1.26828182
22 0.1483595          -0.5112616         0.13543956   0.98693889
69 0.1469330          -1.5015983         0.07624456   0.79915823
65 0.1455064          -1.8293884         0.08984555   0.05899074
55 0.1412268          -0.1572740         0.06209839   0.09051981
78 0.1398003          -1.3534463         0.17233958   1.16790781
94 0.1326676          -0.9867185         0.09069232   0.69763142
64 0.1283880          -1.6847629         0.12639105   0.05322137
43 0.1226819          -0.7348358         0.09299124   0.64592618
67 0.1226819          -1.2664658         0.10716752   0.13920265
79 0.1212553          -2.1760152         0.10304284  14.32765979
63 0.1198288          -0.4136066         0.09708848   0.08576697
9  0.1184023          -0.2730069         0.16853748   0.27975816
20 0.1184023          -2.1377099         0.14529570   0.01512433
73 0.1184023          -0.8331538         0.10833359   0.42860222
49 0.1169757          -0.4413995         0.10051773   0.95649881
96 0.1155492          -1.0347722         0.11393059   3.13493115
60 0.1112696          -0.5863525         0.19109857   0.03213605
41 0.1098431          -1.8016924         0.06886117   0.28622623
95 0.1098431          -1.4986611         0.06446857  15.12123823
10 0.1084165           0.2189413         0.13483908   0.18712262
34 0.1069900          -0.9555609         0.15497539   0.61403963
6  0.1055635          -0.6272711         0.09086559   0.59352878
74 0.1055635          -0.7260325         0.14468543   0.12624328
58 0.1041369          -1.6866411         0.10881777   0.00803405
66 0.1012839          -0.8586594         0.09607287   0.09684462
