[1] "# Chain 1"
bayou MCMC chain: 10000 generations
1000 samples, first 300 samples discarded as burnin


Summary statistics for parameters:
                   Mean        SD   Naive SE Time-series SE Effective Size
lnL       -7.243852e+02 1.2144267 0.04586826     0.16103575      56.871941
prior     -6.215698e+01 9.7977323 0.37005524     2.97370525      10.855637
alpha      1.000000e-10 0.0000000 0.00000000     0.00000000       0.000000
sig2       3.714115e+00 0.3051759 0.01152633     0.02987846     104.323923
k          7.121255e+00 1.6251124 0.06137965     0.50511623      10.351045
ntheta     8.121255e+00 1.6251124 0.06137965     0.50511623      10.351045
root       2.007211e+00 1.6437787 0.06208467     0.71553265       5.277495
all theta  1.542107e+00 1.5974370         NA             NA             NA


Branches with posterior probabilities higher than 0.1:
           pp magnitude.of.theta2 naive.SE.of.theta2 rel.location
104 0.4265335           1.4590906         0.05006834   3.25922923
453 0.3423680           2.1281953         0.11652401   3.67035796
30  0.2539230           1.5502328         0.05531094   0.24583446
88  0.2011412           0.3807177         0.09645768   0.42203028
773 0.1954351           1.2060283         0.05578599   2.86093147
440 0.1854494           0.5475701         0.09309934   8.94116473
446 0.1840228           2.4261504         0.14712054   3.71160400
615 0.1740371           1.6091480         0.07091500   1.18563403
692 0.1669044           1.3286439         0.05979840   0.02143284
372 0.1569187           1.7150578         0.08533516   0.08891104
265 0.1540656           0.8434049         0.10729575   1.32843309
537 0.1540656           2.6381887         0.06331051   2.86733847
618 0.1298146           1.3010996         0.07186814   2.81516973
54  0.1269615           0.9990396         0.07788208   0.77990889
433 0.1212553           3.5874819         0.10840965   0.07932572
445 0.1112696           1.8744622         0.13207122   1.22792025
377 0.1098431           3.0702986         0.11963137   0.22902053
373 0.1012839           2.4446338         0.10753723   0.10872745
379 0.1012839           2.4259360         0.13846741   0.91501983
[1] "# Chain 2"
bayou MCMC chain: 10000 generations
1000 samples, first 300 samples discarded as burnin


Summary statistics for parameters:
                   Mean         SD   Naive SE Time-series SE Effective Size
lnL       -7.242118e+02  1.0975764 0.04145489     0.15691140      48.928348
prior     -6.428670e+01 13.5802102 0.51291746     6.23607064       4.742321
alpha      1.000000e-10  0.0000000 0.00000000     0.00000000       0.000000
sig2       3.670364e+00  0.3124187 0.01179989     0.03722335      70.443870
k          7.313837e+00  2.1794350 0.08231612     0.96766602       5.072673
ntheta     8.313837e+00  2.1794350 0.08231612     0.96766602       5.072673
root       9.604097e-01  1.5965335 0.06030024     0.67594300       5.578737
all theta  1.266528e+00  1.8951316         NA             NA             NA


Branches with posterior probabilities higher than 0.1:
           pp magnitude.of.theta2 naive.SE.of.theta2 rel.location
515 0.2867332          1.63326188         0.05172835 1.341768e+00
606 0.2796006          1.49051061         0.17011626 2.667738e+03
66  0.2339515          2.13794914         0.12931271 1.077691e+00
229 0.2139800          1.99436014         0.19139339 3.064629e-01
391 0.1783167          0.66166436         0.06692840 9.994292e-02
392 0.1768902          0.16716127         0.06882291 1.125186e+00
589 0.1697575          1.80938877         0.15397407 2.020161e-01
120 0.1654779         -0.06697569         0.07322496 5.106126e-01
605 0.1412268          1.37711075         0.13386974 3.736226e+00
483 0.1340942          2.62957989         0.14790654 4.574671e-01
526 0.1312411          2.31945624         0.10586398 1.514218e+00
243 0.1269615         -0.81643898         0.16697948 1.422633e+00
453 0.1255350          1.41662404         0.26267440 5.039173e+00
590 0.1212553          0.49829668         0.11146187 3.045122e+02
603 0.1212553          1.84974635         0.10580860 4.171942e-01
173 0.1141227          1.59720734         0.08177704 1.295724e+00
472 0.1141227         -0.64623142         0.18618825 1.997345e+00
792 0.1069900          1.20671030         0.09454723 3.140414e+02
527 0.1041369          2.31416533         0.06784664 6.291083e-01
244 0.1012839          2.97197143         0.05767642 1.175867e+00
760 0.1012839         -0.64716413         0.07212378 4.205756e+00
