[1] "# Chain 1"
bayou MCMC chain: 10000 generations
1000 samples, first 300 samples discarded as burnin


Summary statistics for parameters:
                   Mean         SD   Naive SE Time-series SE Effective Size
lnL       -1.656234e+02  0.7293601 0.02754755     0.07715718       89.35758
prior     -5.762690e+01 12.1221409 0.45784694     3.54182454       11.71398
alpha      1.000000e-10  0.0000000 0.00000000     0.00000000        0.00000
sig2       2.138318e+00  0.2874145 0.01085550     0.02112630      185.08468
k          8.713267e+00  2.7808957 0.10503298     0.82740297       11.29627
ntheta     9.713267e+00  2.7808957 0.10503298     0.82740297       11.29627
root       1.847492e+00  0.8004103 0.03023108     0.18905305       17.92495
all theta  2.115888e+00  1.4396753         NA             NA             NA


Branches with posterior probabilities higher than 0.1:
           pp magnitude.of.theta2 naive.SE.of.theta2 rel.location
5   0.3024251           1.9524381         0.05906373    3.3819898
51  0.2924394           2.8659756         0.05586770    2.0467709
148 0.2582026           2.5018246         0.20727695    1.6648559
116 0.2196862           3.2927548         0.07514925  110.5904618
139 0.2068474           1.6013844         0.08644847    4.7183524
83  0.1940086           1.9636181         0.10890152    1.0902753
54  0.1897290          -0.7473389         0.08698901    0.9111335
124 0.1854494           3.4063795         0.09730049    0.9970110
81  0.1726106           3.4087432         0.10624690    0.2876486
28  0.1626248           2.0910031         0.08283999    1.7814433
6   0.1583452           2.8619356         0.12360716   41.1412153
76  0.1255350           1.0747931         0.18078610    9.4274489
173 0.1226819           2.5397647         0.10337134   13.3569133
18  0.1169757           1.8665899         0.09268594    0.5128924
157 0.1155492           1.4139859         0.05974169    3.1247641
194 0.1112696           1.4431037         0.10921782    2.7910136
32  0.1098431           3.3785528         0.16275498    0.5124726
66  0.1069900           0.8501341         0.08072248    2.5061436
144 0.1069900           2.0661825         0.05827536    0.3903905
167 0.1069900           2.8775973         0.13730670    3.4973355
10  0.1055635           2.1025388         0.06303480    0.3450768
48  0.1055635           1.2762667         0.08837313    2.2194015
174 0.1041369           1.2731549         0.10234562    3.2771115
38  0.1027104           3.2707530         0.14929072    0.2312909
61  0.1027104           2.8152933         0.09949097    0.2842078
[1] "# Chain 2"
bayou MCMC chain: 10000 generations
1000 samples, first 300 samples discarded as burnin


Summary statistics for parameters:
                   Mean         SD   Naive SE Time-series SE Effective Size
lnL       -1.657316e+02  0.9829642 0.03712605     0.07544421      169.75539
prior     -5.808109e+01 10.7196691 0.40487632     2.68555613       15.93288
alpha      1.000000e-10  0.0000000 0.00000000     0.00000000        0.00000
sig2       2.137576e+00  0.3402123 0.01284964     0.02300712      218.66319
k          8.821683e+00  2.4595907 0.09289746     0.62947188       15.26768
ntheta     9.821683e+00  2.4595907 0.09289746     0.62947188       15.26768
root       1.981388e+00  0.7065919 0.02668761     0.16364494       18.64370
all theta  2.075677e+00  1.4310401         NA             NA             NA


Branches with posterior probabilities higher than 0.1:
           pp magnitude.of.theta2 naive.SE.of.theta2 rel.location
30  0.2838802           2.4669919         0.07271983   0.29989041
10  0.2639087           1.8094579         0.09290954   0.30331365
87  0.2396576           1.8906288         0.11185599   7.83066847
6   0.2239658           0.7955191         0.10286146  34.51847091
48  0.2196862           2.7052540         0.10552631   2.31804576
126 0.1982882           2.9423613         0.17943536   2.41125000
173 0.1925820           1.3939514         0.14415861  27.61665055
123 0.1854494           2.1166800         0.11376617   0.15832443
63  0.1825963           0.9031590         0.12141264  10.16644271
139 0.1740371           1.9558023         0.14286339   3.99170159
17  0.1711840           2.8677819         0.09579888   6.75236377
73  0.1711840           1.2249105         0.08675305   1.72146346
148 0.1426534           4.5646782         0.12865260   1.94125615
121 0.1412268           2.0045788         0.11449963   0.35421503
42  0.1383738           1.0573683         0.17385177   1.68415467
179 0.1326676           1.7732766         0.04021999   0.28137068
90  0.1312411           1.1754873         0.05995614   2.62696014
188 0.1312411           3.2520196         0.09080837   5.71489344
43  0.1283880           2.5827811         0.08492492   0.19587427
130 0.1283880           3.7486923         0.13490561   3.58637841
185 0.1241084           2.2552017         0.16043210   5.64671415
57  0.1226819           1.6086139         0.06868539   2.97901814
72  0.1098431           1.6840110         0.11783252   0.07940998
104 0.1084165           0.6297558         0.07121205   1.49805527
177 0.1069900           1.8697349         0.03582093   1.25214284
194 0.1041369           0.7884729         0.18885377   3.00139814
96  0.1012839           1.8073018         0.10949552   0.21066037
