[1] "# Chain 1"
bayou MCMC chain: 10000 generations
1000 samples, first 300 samples discarded as burnin


Summary statistics for parameters:
                   Mean        SD   Naive SE Time-series SE Effective Size
lnL       -1.163089e+01 1.0115729 0.03820658     0.17476694       33.50239
prior     -3.293788e+01 3.6528654 0.13796682     0.33065847      122.04163
alpha      1.000000e-10 0.0000000 0.00000000     0.00000000        0.00000
sig2       1.158339e+00 0.7630687 0.02882071     0.15834636       23.22262
k          9.048502e+00 2.8944160 0.10932058     0.33048644       76.70340
ntheta     1.004850e+01 2.8944160 0.10932058     0.33048644       76.70340
root       6.604934e-02 0.6074711 0.02294387     0.06399742       90.10033
all theta -2.815044e-01 1.1631408         NA             NA             NA


Branches with posterior probabilities higher than 0.1:
          pp magnitude.of.theta2 naive.SE.of.theta2 rel.location
17 0.5606277         -0.44363998         0.05377732   1.19940607
1  0.5520685          0.17707063         0.06743787   0.18467440
15 0.5378031         -0.29217981         0.05750419   1.06634989
18 0.5320970         -0.16004433         0.05359269   1.99741874
6  0.5263909         -0.70559595         0.05956480   0.51844877
10 0.5263909         -0.35543595         0.05806195   2.24342941
8  0.5192582         -0.24029768         0.07429300   0.07007473
9  0.5192582         -0.46840945         0.05965260   3.50113131
4  0.5164051         -0.30029128         0.06868910   2.77763412
12 0.5035663         -0.28510163         0.07478606   0.10855008
14 0.5007133         -0.37647958         0.06166698   1.07873053
2  0.4964337         -0.34633109         0.06351443   0.38025904
13 0.4964337          0.02277974         0.05896804   0.80479766
3  0.4864479         -0.32231322         0.06868566   0.29558182
7  0.4835949         -0.57711506         0.05785805   0.15408653
5  0.4679030         -0.36247215         0.06738447   2.58270062
16 0.4493581         -0.37024389         0.05780206   0.06933001
11 0.3737518         -0.41564950         0.07305706   0.03225236
[1] "# Chain 2"
bayou MCMC chain: 10000 generations
1000 samples, first 300 samples discarded as burnin


Summary statistics for parameters:
                   Mean        SD   Naive SE Time-series SE Effective Size
lnL       -1.196777e+01 1.2316235 0.04651778      0.2422881       25.83996
prior     -3.363596e+01 3.4663622 0.13092269      0.3193962      117.78456
alpha      1.000000e-10 0.0000000 0.00000000      0.0000000        0.00000
sig2       1.184986e+00 0.8104300 0.03060952      0.1983323       16.69722
k          9.450785e+00 2.8039646 0.10590428      0.2903138       93.28457
ntheta     1.045078e+01 2.8039646 0.10590428      0.2903138       93.28457
root      -1.764396e-01 0.8968011 0.03387171      0.1788838       25.13336
all theta -4.680142e-01 1.2266033         NA             NA             NA


Branches with posterior probabilities higher than 0.1:
          pp magnitude.of.theta2 naive.SE.of.theta2 rel.location
13 0.6233951          -0.4326167         0.06475347   0.84350427
3  0.6162625          -0.4501881         0.05451146   0.28096338
9  0.5934379          -0.5056879         0.05635097   3.55905521
6  0.5877318          -0.3887182         0.06176405   0.45055399
15 0.5791726          -0.5083732         0.04926729   1.08701045
18 0.5506419          -0.5790785         0.06427379   1.66357688
17 0.5420827          -0.5940749         0.05989165   1.34337947
10 0.5320970          -0.4772378         0.05684425   2.33496476
5  0.5263909          -0.6050594         0.06467110   2.50558885
14 0.5221113          -0.5575385         0.06336939   1.00025557
16 0.5121255          -0.5913736         0.05981878   0.07814794
12 0.4921541          -0.8937903         0.07127313   0.10102036
8  0.4721826          -0.3706512         0.06443398   0.06580120
4  0.4679030          -0.2735149         0.07514208   3.22668964
7  0.4664765          -0.7017370         0.07826967   0.16150040
1  0.4636234          -0.6818603         0.06885780   0.18830299
11 0.4550642          -0.1024988         0.08813221   0.02814006
2  0.4479315          -0.2327978         0.07174948   0.36047201
