[1] "# Chain 1"
bayou MCMC chain: 10000 generations
1000 samples, first 300 samples discarded as burnin


Summary statistics for parameters:
                   Mean         SD    Naive SE Time-series SE Effective Size
lnL       -3.493377e+02  0.7675527 0.028990064     0.06760176     128.914100
prior     -5.814812e+01 16.3465477 0.617400584     6.97787865       5.487888
alpha      1.000000e-10  0.0000000 0.000000000     0.00000000       0.000000
sig2       2.902391e+00  0.2631562 0.009939273     0.01790194     216.086251
k          7.300999e+00  3.0391468 0.114786991     1.26116273       5.807124
ntheta     8.300999e+00  3.0391468 0.114786991     1.26116273       5.807124
root       2.387438e+00  1.2124847 0.045794916     0.37478878      10.465968
all theta  2.240150e+00  1.7415661          NA             NA             NA


Branches with posterior probabilities higher than 0.1:
           pp magnitude.of.theta2 naive.SE.of.theta2 rel.location
261 0.4407989         2.736035294         0.11073896   4.47004426
262 0.3338088         2.144142588         0.08692773   5.14498435
15  0.3209700         1.380083876         0.05254751   0.61810467
158 0.3109843         1.666701040         0.06491229   7.52353002
348 0.3052782         2.177176306         0.08926370   0.21656801
40  0.2895863         1.610093472         0.05442351   0.04044572
362 0.2767475         0.408865351         0.13451056   0.37559130
265 0.2667618         1.201834852         0.06756186   0.02720731
125 0.2639087         0.276672204         0.11251486   1.48072189
359 0.2453638         3.664805307         0.09012945   1.42330304
30  0.2439372         0.006595956         0.07122357   2.33062435
365 0.2182596         1.140261694         0.08250353   1.99879795
344 0.2025678         2.803273742         0.15566865   0.09733873
208 0.1954351         1.257542658         0.05778312   4.56326513
189 0.1925820         2.235567156         0.11197766   5.67187943
116 0.1740371         4.397201942         0.06455187   1.52114997
105 0.1626248         1.682818297         0.07490397  13.11536942
239 0.1569187         6.006963524         0.20836574   0.28354204
398 0.1383738         3.703193445         0.06928899   1.57434009
16  0.1326676         2.059173853         0.04030066   0.04045491
92  0.1112696         3.957206130         0.05551568   1.96700902
[1] "# Chain 2"
bayou MCMC chain: 10000 generations
1000 samples, first 300 samples discarded as burnin


Summary statistics for parameters:
                   Mean         SD   Naive SE Time-series SE Effective Size
lnL       -3.494375e+02  0.8611677 0.03252585     0.08098531     113.074065
prior     -7.073209e+01 15.1049721 0.57050692     6.72733801       5.041426
alpha      1.000000e-10  0.0000000 0.00000000     0.00000000       0.000000
sig2       2.932520e+00  0.2979934 0.01125505     0.02428846     150.526552
k          9.797432e+00  3.0202260 0.11407236     1.40253877       4.637128
ntheta     1.079743e+01  3.0202260 0.11407236     1.40253877       4.637128
root       2.164015e+00  1.1455454 0.04326665     0.41899679       7.474862
all theta  2.223046e+00  1.6160313         NA             NA             NA


Branches with posterior probabilities higher than 0.1:
           pp magnitude.of.theta2 naive.SE.of.theta2 rel.location
190 0.4122682          3.15494842         0.02964711   12.8699402
82  0.2938659          1.45595100         0.04654186    6.9545762
271 0.2524964          1.26820664         0.05873581    2.3558481
181 0.1968616          1.47569779         0.05898145    2.4786089
272 0.1925820          2.06753770         0.09960179    0.9558928
57  0.1797432          1.20798616         0.13612728    0.3736138
230 0.1797432          3.02930454         0.10109158    0.7386916
268 0.1783167          2.30768232         0.18895223   22.3428716
172 0.1740371          2.51959314         0.07752606    1.0758288
326 0.1697575          2.58759289         0.08961889    7.2094751
323 0.1669044          2.01329943         0.08349557    0.3802599
233 0.1626248          1.79599211         0.10347054    1.0044772
372 0.1597718          2.31765711         0.05690101    5.7887226
296 0.1455064          2.54316553         0.06970279    0.4748683
380 0.1455064          4.17992349         0.14949476    0.1191753
83  0.1398003          1.33622600         0.09327741   18.9814785
218 0.1383738          1.80432319         0.08474715    0.6042363
173 0.1369472          1.52041531         0.09612035    3.6636410
231 0.1355207          2.49234366         0.10810942    1.0373755
192 0.1312411          1.47008068         0.07778394    0.8847135
375 0.1283880          3.66618551         0.11644119    3.9253000
280 0.1255350          1.65985617         0.07768004    0.1673042
321 0.1241084          2.23879228         0.10899713    0.6406001
71  0.1155492          3.34451267         0.07547788    0.4170790
101 0.1098431          3.84248839         0.08250557    1.1550441
117 0.1098431         -0.06383548         0.13722713    2.0200588
32  0.1084165          1.77991561         0.10566400    2.1645209
315 0.1069900          2.69783158         0.03985530    2.3022987
206 0.1055635          1.97493389         0.10499827    1.0990266
398 0.1055635          1.03065815         0.18294713    0.8618283
