[1] "# Chain 1"
bayou MCMC chain: 10000 generations
1000 samples, first 300 samples discarded as burnin


Summary statistics for parameters:
                   Mean        SD   Naive SE Time-series SE Effective Size
lnL       -8.036624e+01 1.2309917 0.04649392     0.15818308       60.56060
prior     -5.121745e+01 9.5043204 0.35897323     1.87587408       25.67053
alpha      1.000000e-10 0.0000000 0.00000000     0.00000000        0.00000
sig2       3.409156e+00 0.8948385 0.03379758     0.09213392       94.33007
k          8.549215e+00 2.6402251 0.09971993     0.53001932       24.81410
ntheta     9.549215e+00 2.6402251 0.09971993     0.53001932       24.81410
root       2.960755e+00 1.0577736 0.03995156     0.26593158       15.82143
all theta  2.674409e+00 1.3622863         NA             NA             NA


Branches with posterior probabilities higher than 0.1:
          pp magnitude.of.theta2 naive.SE.of.theta2 rel.location
17 0.2924394            3.593245         0.10773982   0.77734989
2  0.2895863            1.683537         0.09999172   1.55262565
34 0.2339515            2.082599         0.08196822   3.71710116
5  0.2111270            2.770798         0.09829117   0.47455937
10 0.2054208            2.462421         0.04737446   0.03050667
53 0.1868759            2.143448         0.09554930  14.45942234
97 0.1783167            2.530340         0.11129368   0.58310342
39 0.1726106            1.969268         0.13196055   0.04307763
7  0.1711840            2.207093         0.13456347   0.14685732
47 0.1697575            2.115544         0.06953948   6.87164975
32 0.1683310            3.112267         0.13136815   0.53083640
74 0.1640514            3.040439         0.13988945   0.35333631
43 0.1611983            3.414577         0.09635028   0.52513210
30 0.1526391            2.260004         0.20581275   6.71577304
64 0.1526391            2.547464         0.10399573   1.05845922
6  0.1483595            2.180134         0.11462003   0.53653851
83 0.1483595            3.970800         0.10811570   0.50078175
28 0.1340942            2.730472         0.10268847   6.53426183
89 0.1312411            2.472438         0.18924739   0.71470939
37 0.1255350            3.499783         0.14135364   0.43709962
51 0.1255350            1.709199         0.12123239   0.41975055
54 0.1141227            2.662234         0.13933320   5.30049927
22 0.1126961            2.861590         0.16186462   2.94839082
71 0.1126961            2.534189         0.10770907 138.49041956
77 0.1126961            2.946784         0.14646291   0.34263638
27 0.1098431            4.392754         0.11080410   0.54629846
46 0.1098431            1.900344         0.12761241   0.73550269
50 0.1098431            2.037543         0.09633549   0.50114052
85 0.1098431            2.449245         0.10660028  54.04528812
44 0.1069900            2.124079         0.12182278   0.08961891
26 0.1055635            3.667762         0.12952701   0.86976373
19 0.1041369            2.798585         0.08412092   0.52092647
24 0.1041369            3.173707         0.14051106   0.02355154
25 0.1027104            1.826188         0.18597550   0.54874800
65 0.1012839            2.167436         0.14256396   0.62347521
[1] "# Chain 2"
bayou MCMC chain: 10000 generations
1000 samples, first 300 samples discarded as burnin


Summary statistics for parameters:
                   Mean         SD   Naive SE Time-series SE Effective Size
lnL       -8.004734e+01  0.7890379 0.02980155      0.1178823       44.80208
prior     -5.007171e+01 10.4959139 0.39642520      2.2458965       21.84042
alpha      1.000000e-10  0.0000000 0.00000000      0.0000000        0.00000
sig2       3.358331e+00  0.6882013 0.02599300      0.0588363      136.81707
k          8.196862e+00  2.8682581 0.10833261      0.6172756       21.59127
ntheta     9.196862e+00  2.8682581 0.10833261      0.6172756       21.59127
root       2.676957e+00  1.0133668 0.03827434      0.2585559       15.36118
all theta  2.601544e+00  1.4085279         NA             NA             NA


Branches with posterior probabilities higher than 0.1:
          pp magnitude.of.theta2 naive.SE.of.theta2 rel.location
34 0.2781740            2.315582         0.06568196 3.202311e+00
85 0.2596291            3.117029         0.07553254 5.651594e+01
71 0.2296719            1.793066         0.09350513 1.025668e+02
74 0.2196862            3.020750         0.12341138 3.292222e-01
28 0.2182596            2.011258         0.07855843 3.777753e+00
69 0.2025678            1.426597         0.11453659 4.038172e-01
32 0.1883024            3.322312         0.14267160 7.468706e-01
61 0.1883024            2.350153         0.11242819 2.692422e+00
94 0.1754636            2.532885         0.11201167 7.716647e+00
98 0.1726106            1.913187         0.10059638 1.404772e+00
7  0.1669044            2.450461         0.09309305 1.758732e-01
78 0.1654779            2.626394         0.11944639 1.830776e-01
17 0.1540656            3.956420         0.17400263 8.108120e-01
26 0.1526391            2.812021         0.19121931 7.867239e-01
38 0.1512126            1.937242         0.08325526 4.534857e-01
46 0.1455064            3.077817         0.16216042 1.396219e+00
77 0.1440799            4.113262         0.09774024 4.481596e-01
14 0.1412268            1.407898         0.13265367 3.955142e-01
63 0.1369472            2.783854         0.15107697 1.010933e-01
81 0.1369472            3.544848         0.11523538 8.165532e+01
65 0.1340942            2.409770         0.15482909 5.977936e-01
11 0.1326676            2.054425         0.18226776 9.816781e-03
96 0.1326676            3.290213         0.13900592 3.890174e+01
37 0.1312411            3.671764         0.13709045 6.706416e-01
93 0.1241084            2.016504         0.17496322 6.202882e+00
43 0.1212553            3.501407         0.20467056 7.700966e-01
91 0.1184023            1.187066         0.07689563 6.508932e+00
25 0.1141227            4.616906         0.15752792 6.618720e-01
62 0.1141227            2.523787         0.17113441 1.155077e+00
24 0.1112696            1.233153         0.10152515 2.886098e-02
2  0.1069900            1.296557         0.05276081 2.768745e+00
35 0.1012839            2.291387         0.10371952 7.847313e-02
