[1] "# Chain 1"
bayou MCMC chain: 10000 generations
1000 samples, first 300 samples discarded as burnin


Summary statistics for parameters:
                   Mean        SD   Naive SE Time-series SE Effective Size
lnL       -1.737818e+01 0.8992247 0.03396325     0.12323289       53.24553
prior     -3.332652e+01 3.7293953 0.14085732     0.35222249      112.10956
alpha      1.000000e-10 0.0000000 0.00000000     0.00000000        0.00000
sig2       1.211975e+00 0.8424276 0.03181805     0.12951682       42.30705
k          9.432240e+00 2.8218614 0.10658024     0.27331148      106.59961
ntheta     1.043224e+01 2.8218614 0.10658024     0.27331148      106.59961
root       5.860970e-01 0.6790943 0.02564904     0.08263057       67.54274
all theta  8.196131e-01 1.1148821         NA             NA             NA


Branches with posterior probabilities higher than 0.1:
          pp magnitude.of.theta2 naive.SE.of.theta2 rel.location
12 0.5649073           0.7753181         0.05780763   1.81487853
9  0.5634807           0.7232543         0.05428240   0.98521124
11 0.5592011           1.0123069         0.06207824   2.70518012
15 0.5563481           0.9616438         0.05105728   1.07377130
4  0.5506419           1.0671228         0.05318006   0.39344860
16 0.5506419           0.6079494         0.05822259   2.80272797
7  0.5463623           0.6163850         0.06542519   6.61131382
8  0.5449358           0.8592405         0.05820579   0.29025703
18 0.5435093           0.9759023         0.05400810   0.53959767
14 0.5278174           1.0139486         0.05066357   0.08491759
5  0.5221113           0.8237283         0.07031592   0.17997735
13 0.5035663           0.9540344         0.05517281   0.15451827
3  0.5021398           0.7464432         0.06513067   1.32700251
2  0.5007133           0.8577486         0.05863721   0.26631970
6  0.4992867           0.9114375         0.06418702   0.21951496
1  0.4893010           0.7613946         0.06771597   1.40523217
17 0.4893010           0.8797740         0.06182459   0.02921788
10 0.4179743           0.6025126         0.06245014   0.09376269
[1] "# Chain 2"
bayou MCMC chain: 10000 generations
1000 samples, first 300 samples discarded as burnin


Summary statistics for parameters:
                   Mean        SD   Naive SE Time-series SE Effective Size
lnL       -1.725345e+01 0.5866190 0.02215629     0.04911036      142.68094
prior     -3.359460e+01 3.6403481 0.13749405     0.32977669      121.85572
alpha      1.000000e-10 0.0000000 0.00000000     0.00000000        0.00000
sig2       1.089811e+00 0.5001981 0.01889222     0.06222587       64.61629
k          9.547789e+00 3.0964609 0.11695171     0.33375476       86.07485
ntheta     1.054779e+01 3.0964609 0.11695171     0.33375476       86.07485
root       5.086919e-01 0.6676316 0.02521610     0.10402805       41.18821
all theta  4.152573e-01 1.1079356         NA             NA             NA


Branches with posterior probabilities higher than 0.1:
          pp magnitude.of.theta2 naive.SE.of.theta2 rel.location
15 0.5991441           0.3137972         0.05258618   0.97827875
6  0.5763195           0.5268756         0.06579183   0.18455034
8  0.5763195           0.4240520         0.05561685   0.27662520
18 0.5763195           0.5843124         0.05751108   0.47550646
4  0.5748930           0.3679004         0.05644000   0.48950555
7  0.5577746           0.3961113         0.05543075   6.36079699
1  0.5335235           0.4436363         0.06872945   1.39049855
11 0.5306705           0.3623984         0.06316451   2.49165835
9  0.5249643           0.3701852         0.06959916   0.96926904
16 0.5235378           0.2418836         0.04950123   2.94342555
10 0.5206847           0.4443885         0.05219174   0.08740147
12 0.5164051           0.2906435         0.05033947   1.94520588
3  0.5121255           0.4129780         0.05634448   1.45629109
13 0.5106990           0.3274357         0.05292413   0.18113758
2  0.5035663           0.5465667         0.07557592   0.25612545
14 0.4821683           0.2135766         0.05591673   0.09534204
5  0.4764622           0.5969099         0.06105437   0.17657575
17 0.4522111           0.4275143         0.05753955   0.02830843
