[1] "# Chain 1"
bayou MCMC chain: 10000 generations
1000 samples, first 300 samples discarded as burnin


Summary statistics for parameters:
                   Mean         SD   Naive SE Time-series SE Effective Size
lnL       -1.725842e+02  0.6989443 0.02639876     0.04918346     201.951468
prior     -6.048069e+01 13.7790016 0.52042571     4.56148359       9.124798
alpha      1.000000e-10  0.0000000 0.00000000     0.00000000       0.000000
sig2       3.007385e+00  0.4352898 0.01644067     0.03374570     166.387191
k          9.342368e+00  3.1504720 0.11899169     1.04703100       9.053827
ntheta     1.034237e+01  3.1504720 0.11899169     1.04703100       9.053827
root       8.225400e-01  0.6767187 0.02555931     0.14580888      21.540135
all theta  6.015481e-01  1.2994104         NA             NA             NA


Branches with posterior probabilities higher than 0.1:
           pp magnitude.of.theta2 naive.SE.of.theta2 rel.location
167 0.2553495           1.1896323         0.16419120   0.64778759
125 0.2410842          -0.4139055         0.08268168   0.32521220
21  0.2225392          -0.3063434         0.05463459   1.92305269
76  0.2225392           0.3366936         0.11346518  12.19398777
68  0.1883024           1.0608914         0.07456270   0.96981164
123 0.1825963          -1.2317326         0.09116824   0.51267845
6   0.1740371           1.9537338         0.12038207   0.06918524
71  0.1583452          -0.5970953         0.15303268   0.36438826
41  0.1540656          -0.3672803         0.14561239   0.19253873
55  0.1526391           2.6823708         0.08462944   0.42460519
106 0.1497860           1.7706268         0.10009879   2.39964228
132 0.1469330           1.2616905         0.08430133   0.08735505
171 0.1383738          -1.0006105         0.08576885   0.58422578
67  0.1355207           2.5602902         0.08125178   0.41590317
56  0.1298146           0.2901036         0.14935156   0.38217587
164 0.1298146          -0.2056166         0.06467632  12.64328337
99  0.1141227           0.1883334         0.09007032   0.20270418
51  0.1112696           1.2571185         0.09927513   0.87589161
135 0.1112696           0.3415507         0.07178776   0.48512867
92  0.1098431           1.0226992         0.13729871   0.45635551
74  0.1027104           1.7864333         0.07878668  10.17452752
85  0.1012839          -0.2376052         0.09878102   0.56519782
153 0.1012839           0.2277807         0.07293503   0.33601635
[1] "# Chain 2"
bayou MCMC chain: 10000 generations
1000 samples, first 300 samples discarded as burnin


Summary statistics for parameters:
                   Mean         SD   Naive SE Time-series SE Effective Size
lnL       -1.728269e+02  0.8814564 0.03329215     0.11278215      61.083083
prior     -5.612184e+01 12.7094982 0.48003112     3.93490925      10.432475
alpha      1.000000e-10  0.0000000 0.00000000     0.00000000       0.000000
sig2       3.060160e+00  0.4179687 0.01578646     0.03048337     188.001575
k          7.962910e+00  2.9152397 0.11010708     0.94100555       9.597633
ntheta     8.962910e+00  2.9152397 0.11010708     0.94100555       9.597633
root      -1.661025e-01  1.1974055 0.04522538     0.36309634      10.875238
all theta  4.245652e-02  1.6664769         NA             NA             NA


Branches with posterior probabilities higher than 0.1:
           pp magnitude.of.theta2 naive.SE.of.theta2 rel.location
55  0.3238231         -0.84812724         0.10134805   0.47160512
140 0.2539230         -0.54809422         0.11268307   2.50458235
76  0.1840228          0.34363968         0.09502793   7.55132268
116 0.1825963          0.38725779         0.08552796   0.35210456
45  0.1669044          0.27182580         0.05767275   3.12856383
108 0.1583452         -3.11633032         0.12768357   0.15389850
119 0.1554922          0.86846820         0.07786293   0.34387995
84  0.1540656          1.21025719         0.20689388   1.70115697
132 0.1526391          1.05607692         0.06422346   0.06442622
150 0.1483595         -0.99431895         0.12897990  10.74305842
51  0.1469330          0.71343776         0.05030475   0.48805787
137 0.1440799         -0.77329259         0.16586896   1.34419572
92  0.1340942          1.17885588         0.05688762   0.24888915
164 0.1326676         -0.65586972         0.21696797  21.96272522
81  0.1226819         -1.49385799         0.05693453   3.38994431
189 0.1198288         -1.56878224         0.08047688   3.74888837
117 0.1184023          0.33131247         0.13335952   0.35056011
16  0.1155492          0.55588197         0.10688389   0.55793992
157 0.1112696          0.38109242         0.12241046   0.89399330
103 0.1041369         -0.08412708         0.09937867   1.04757720
115 0.1041369         -0.24302338         0.17750650   0.85341552
