[1] "# Chain 1"
bayou MCMC chain: 10000 generations
1000 samples, first 300 samples discarded as burnin


Summary statistics for parameters:
                   Mean         SD    Naive SE Time-series SE Effective Size
lnL       -3.086613e+02  0.8044153 0.030382346     0.07820860     105.791688
prior     -6.369323e+01 19.2794831 0.728176025    10.42840936       3.417863
alpha      1.000000e-10  0.0000000 0.000000000     0.00000000       0.000000
sig2       2.080032e+00  0.2150844 0.008123625     0.02128959     102.066512
k          8.530670e+00  3.6852196 0.139188824     1.96882407       3.503587
ntheta     9.530670e+00  3.6852196 0.139188824     1.96882407       3.503587
root       1.454276e+00  0.9262512 0.034984025     0.26357216      12.349759
all theta  8.529931e-01  1.6625526          NA             NA             NA


Branches with posterior probabilities higher than 0.1:
           pp magnitude.of.theta2 naive.SE.of.theta2 rel.location
311 0.3323823           2.7091576         0.14023036    5.0054426
83  0.3067047          -0.4041893         0.05660856    5.1635130
138 0.2610556           0.9662606         0.13757608    2.4663064
380 0.2310984          -0.4849663         0.04837966    6.8488367
291 0.2225392          -0.3077062         0.13382603    1.9766787
296 0.2125535           1.6522131         0.12686912    0.6823039
48  0.1968616           0.4298182         0.05674305    0.6513488
297 0.1854494           3.1071494         0.03122481    0.3312183
298 0.1811698           2.0551763         0.10382352    0.5356626
128 0.1683310           1.4579185         0.05275992    4.0306193
333 0.1626248          -0.3117960         0.06581127    2.4501970
137 0.1540656          -0.7088520         0.10180047    1.3148122
164 0.1540656          -0.2928046         0.20129020    0.7671752
316 0.1483595           1.3147474         0.08616111    1.9841417
72  0.1412268           0.4249878         0.13403052    1.8548305
334 0.1241084          -1.1676061         0.14632984   35.2041835
67  0.1126961          -0.9552933         0.10860749    0.5438826
229 0.1112696           0.8971494         0.05407863    0.9242335
107 0.1098431           3.3618871         0.07205324    0.7254683
94  0.1084165           0.8745769         0.09753387   20.3903197
353 0.1027104           0.4280233         0.10029921    3.0003388
[1] "# Chain 2"
bayou MCMC chain: 10000 generations
1000 samples, first 300 samples discarded as burnin


Summary statistics for parameters:
                   Mean         SD    Naive SE Time-series SE Effective Size
lnL       -3.085864e+02  0.8479063 0.032024981     0.08681887      95.382236
prior     -6.399669e+01 12.8057629 0.483666991     4.53792297       7.963366
alpha      1.000000e-10  0.0000000 0.000000000     0.00000000       0.000000
sig2       2.089376e+00  0.2048525 0.007737171     0.01906141     115.497422
k          8.619116e+00  2.4340747 0.091933734     0.86773564       7.868518
ntheta     9.619116e+00  2.4340747 0.091933734     0.86773564       7.868518
root       1.407138e+00  0.8537851 0.032247017     0.20070722      18.095522
all theta  1.001661e+00  1.5922478          NA             NA             NA


Branches with posterior probabilities higher than 0.1:
           pp magnitude.of.theta2 naive.SE.of.theta2 rel.location
186 0.4550642          0.10307508         0.07637201 4.858832e+01
338 0.3865906          0.60040471         0.05311031 9.706765e-01
54  0.3295292          0.00945222         0.06210879 1.567072e-02
108 0.3109843          0.67427729         0.09733084 6.241095e-01
197 0.2838802         -0.21347599         0.08744940 1.913278e+00
115 0.2582026          0.21868327         0.09924801 2.992569e-01
396 0.2582026          0.92085633         0.10903046 1.227410e+02
324 0.2567760          2.17762447         0.05753384 2.233713e+00
113 0.2482168          1.04864778         0.06866996 8.003332e-04
107 0.2353780          2.41864105         0.06025694 3.863186e-01
85  0.2282454         -2.52747440         0.07420108 1.306884e+00
318 0.2196862          1.44725670         0.11094703 1.544823e-02
19  0.2139800          1.74565467         0.05666228 1.694620e-01
366 0.2082739          3.05754187         0.14075475 4.265270e+00
1   0.1854494         -0.19215919         0.05011906 1.165973e-03
306 0.1854494          3.57873123         0.15238345 3.604498e-02
14  0.1783167          0.12465941         0.11274616 5.804950e-01
315 0.1783167          1.94105976         0.07271203 5.631947e-01
131 0.1754636         -0.12751643         0.12907048 2.945090e+01
301 0.1740371          0.99930672         0.03922269 8.153418e-01
106 0.1440799          0.35973194         0.06149054 1.476427e+00
253 0.1398003          1.85276828         0.09392546 2.500965e-01
392 0.1369472          0.49089814         0.08461332 1.586566e-01
148 0.1298146          1.58881936         0.06092989 1.639878e+00
80  0.1255350          1.21956829         0.15466619 4.112812e-02
155 0.1255350         -0.39155548         0.06908057 1.024793e+00
101 0.1226819          4.84111821         0.06996323 3.417775e-01
71  0.1212553         -1.27994551         0.08671283 1.500232e-01
94  0.1198288          0.80087920         0.05881855 1.252312e+01
347 0.1184023          1.16270009         0.09555822 7.362736e+00
331 0.1155492          2.36669215         0.09811963 1.439832e-03
382 0.1141227          3.45557358         0.14822354 2.085408e+00
166 0.1069900          1.93233741         0.08997994 8.562161e-03
309 0.1069900          0.14178491         0.14194923 3.714755e+00
69  0.1027104          1.27017571         0.10026416 4.643404e-02
42  0.1012839          2.42877650         0.07169147 2.860400e-02
