[1] "# Chain 1"
bayou MCMC chain: 10000 generations
1000 samples, first 300 samples discarded as burnin


Summary statistics for parameters:
                   Mean         SD    Naive SE Time-series SE Effective Size
lnL       -6.635746e+02  0.6678491 0.025224314     0.07956326      70.458214
prior     -7.055995e+01 12.3496970 0.466441619     4.58074840       7.268415
alpha      1.000000e-10  0.0000000 0.000000000     0.00000000       0.000000
sig2       2.604555e+00  0.1619975 0.006118563     0.01510627     115.001236
k          8.358060e+00  1.9759724 0.074631449     0.73088690       7.309058
ntheta     9.358060e+00  1.9759724 0.074631449     0.73088690       7.309058
root       1.556465e+00  1.0411765 0.039324695     0.29174028      12.736672
all theta  1.698139e+00  1.9896498          NA             NA             NA


Branches with posterior probabilities higher than 0.1:
           pp magnitude.of.theta2 naive.SE.of.theta2 rel.location
764 0.4236805           4.1686116         0.13230580 106.95247072
255 0.4151213           0.6564538         0.08467257   0.22251381
743 0.2781740           3.8780709         0.07957123   7.72835918
24  0.2567760           1.3483295         0.06708283   1.38397727
763 0.2239658           0.3478874         0.09284962   0.23928068
499 0.2225392          -1.0179315         0.09631954  34.32061123
508 0.2082739           1.7212648         0.09637508   0.88232353
206 0.1897290           2.2459942         0.07090727   1.77716149
765 0.1825963           2.3429038         0.14015938  60.28087552
705 0.1697575           0.6017129         0.14592670   6.08683736
410 0.1683310          -0.2499046         0.07489851   4.87194899
240 0.1526391          -0.2540606         0.17290300   0.49581697
362 0.1483595           2.4225841         0.04220235   1.18542199
452 0.1483595           4.2836260         0.04274631  10.56390791
433 0.1398003           1.0935293         0.07421968   0.73489709
46  0.1383738           4.6661967         0.17999883   0.10758090
157 0.1298146           1.5198132         0.10203390   0.28540574
448 0.1298146           3.0521236         0.07255190   0.24745002
493 0.1269615           0.8932971         0.07732359   1.91573034
704 0.1241084           0.6288413         0.11880411   4.00991473
303 0.1226819          -0.4037763         0.14443111   2.26043528
272 0.1098431           3.6247717         0.13461842   0.08791368
530 0.1069900           0.1834415         0.08742470   3.84382214
[1] "# Chain 2"
bayou MCMC chain: 10000 generations
1000 samples, first 300 samples discarded as burnin


Summary statistics for parameters:
                   Mean         SD    Naive SE Time-series SE Effective Size
lnL       -6.637166e+02  0.8387770 0.031680169     0.11066351      57.449212
prior     -6.265147e+01 13.4380043 0.507546416     5.80962886       5.350234
alpha      1.000000e-10  0.0000000 0.000000000     0.00000000       0.000000
sig2       2.630048e+00  0.1807995 0.006828704     0.01566033     133.288570
k          7.323823e+00  2.3125410 0.087343469     1.02872365       5.053374
ntheta     8.323823e+00  2.3125410 0.087343469     1.02872365       5.053374
root       1.539912e+00  1.1996259 0.045309247     0.37076246      10.468880
all theta  1.651288e+00  1.5586235          NA             NA             NA


Branches with posterior probabilities higher than 0.1:
           pp magnitude.of.theta2 naive.SE.of.theta2 rel.location
190 0.3152639          1.38947563         0.08768905   0.80653033
223 0.3109843          0.28862126         0.07370274   0.09031755
78  0.2425107          2.55878907         0.15442336   0.54796501
205 0.2268188          2.98410430         0.05348042   0.09943504
499 0.2125535          1.64530623         0.11661040  44.82333883
151 0.2011412          2.96929418         0.13604941   6.60054220
604 0.1897290          2.09798319         0.06143589   0.62459112
412 0.1797432          0.46752341         0.09253286   0.35027403
415 0.1640514          2.69972381         0.06732468   4.02819847
212 0.1526391          1.83721245         0.07564704   0.07912773
208 0.1483595          2.36087618         0.14000333   0.41687306
66  0.1455064          0.09802078         0.07335495   0.46126125
595 0.1398003          0.97233537         0.07145920   0.65134238
60  0.1369472          1.46525996         0.12010651   1.31119759
214 0.1298146          1.08060925         0.07359598   0.56905387
701 0.1283880          2.78014042         0.08830409   3.43606288
605 0.1255350          1.06755302         0.14021175   0.76930583
688 0.1169757          0.69918169         0.07157931  20.76474207
209 0.1155492          2.14505974         0.12490078   0.22662980
2   0.1112696          2.28774283         0.08915298   0.18688814
416 0.1055635          2.46033636         0.05915280   0.66847918
