[1] "# Chain 1"
bayou MCMC chain: 10000 generations
1000 samples, first 300 samples discarded as burnin


Summary statistics for parameters:
                   Mean         SD   Naive SE Time-series SE Effective Size
lnL       -1.410347e+02  0.7932839 0.02996192     0.06303530     158.376120
prior     -5.518152e+01 13.6821202 0.51676655     5.53343074       6.113893
alpha      1.000000e-10  0.0000000 0.00000000     0.00000000       0.000000
sig2       1.916558e+00  0.2753980 0.01040164     0.02139937     165.622665
k          8.249643e+00  3.1953789 0.12068780     1.31645339       5.891607
ntheta     9.249643e+00  3.1953789 0.12068780     1.31645339       5.891607
root       1.409296e+00  0.8457810 0.03194471     0.19387194      19.032066
all theta  1.080594e+00  1.3469245         NA             NA             NA


Branches with posterior probabilities higher than 0.1:
           pp magnitude.of.theta2 naive.SE.of.theta2 rel.location
74  0.4236805          1.33874106         0.07915467    6.3907425
171 0.3937233          0.63639874         0.07840752    2.8866752
119 0.2824536          1.73752332         0.09785728    0.6447439
144 0.2667618          0.24865551         0.08830045    0.7473686
45  0.1754636          1.78117661         0.12808430    5.2693047
1   0.1697575          1.28595915         0.14344872    0.2123029
10  0.1440799          1.24546502         0.17496890    0.2486966
50  0.1412268          0.81824609         0.10885470    8.2312336
89  0.1398003          0.63815777         0.11083680    5.0473128
195 0.1355207          1.10809563         0.11825487    0.1976020
75  0.1226819          1.14032665         0.07581485    0.7186435
151 0.1212553          2.37807038         0.10439537   53.3130073
117 0.1126961          0.54098740         0.22161918    0.3048351
143 0.1126961         -0.57109567         0.12190648    0.8789692
152 0.1126961          0.38009461         0.08071490    3.2509428
64  0.1084165          0.04014670         0.07612114    1.4990826
2   0.1069900         -0.10774455         0.08714943    1.1496292
104 0.1041369          2.44531885         0.05252865    0.2491717
63  0.1027104         -0.07779955         0.04324132   47.6815556
[1] "# Chain 2"
bayou MCMC chain: 10000 generations
1000 samples, first 300 samples discarded as burnin


Summary statistics for parameters:
                   Mean        SD    Naive SE Time-series SE Effective Size
lnL       -1.412590e+02 0.8576707 0.032393775     0.09613916       79.58670
prior     -5.997809e+01 9.9249139 0.374858825     2.40024962       17.09782
alpha      1.000000e-10 0.0000000 0.000000000     0.00000000        0.00000
sig2       1.889179e+00 0.2594749 0.009800231     0.01605483      261.20365
k          9.245364e+00 2.3163387 0.087486905     0.57786444       16.06764
ntheta     1.024536e+01 2.3163387 0.087486905     0.57786444       16.06764
root       1.077527e+00 1.1126390 0.042023795     0.32958532       11.39654
all theta  7.020270e-01 1.4886308          NA             NA             NA


Branches with posterior probabilities higher than 0.1:
           pp magnitude.of.theta2 naive.SE.of.theta2 rel.location
101 0.3252496          1.26614789         0.04249554  0.128508926
120 0.3124108          1.88977967         0.07885010  0.224040048
112 0.2881598         -1.07872655         0.10876756  0.149040324
4   0.2025678         -1.47923337         0.11273802  0.450998176
157 0.1968616         -0.45534726         0.09967329  0.152573080
181 0.1868759          0.63779557         0.11156202  3.221285654
88  0.1840228          1.44898051         0.04771609 11.599568653
74  0.1697575          1.79630606         0.11800353  4.545759537
109 0.1640514         -0.12334195         0.05760874  0.880109812
177 0.1526391          1.46249658         0.21715250 12.098056301
2   0.1497860          0.01380618         0.08011390  0.933184161
5   0.1483595          2.50950456         0.15121442  0.372133139
96  0.1469330         -0.16005081         0.07347318 11.892174408
72  0.1369472          1.36426384         0.08842952  1.101513987
151 0.1340942          0.60694524         0.22894382 66.007628409
106 0.1283880          0.52707272         0.02946689  0.008855961
198 0.1241084          1.19359932         0.15828562  2.636480248
155 0.1226819          0.64626039         0.18495237  0.104517248
117 0.1212553         -1.08838124         0.15246152  0.697222529
113 0.1184023          0.71237929         0.16042299  0.316375638
9   0.1141227         -1.07878543         0.11322458  1.044036491
116 0.1126961          0.37407259         0.09950270  0.163959559
89  0.1055635          0.39628199         0.15754992  4.645551343
35  0.1041369          0.80131466         0.19336790  1.634047480
138 0.1041369          0.93029595         0.04764549  0.169151367
40  0.1012839          1.41759227         0.05171230  0.211403708
190 0.1012839          2.52211214         0.15939946  2.685754203
