[1] "# Chain 1"
bayou MCMC chain: 10000 generations
1000 samples, first 300 samples discarded as burnin


Summary statistics for parameters:
                   Mean        SD   Naive SE Time-series SE Effective Size
lnL       -1.510409e+01 0.8883567 0.03355277     0.09241071       92.41238
prior     -3.448368e+01 3.6876680 0.13928130     0.33029490      124.65218
alpha      1.000000e-10 0.0000000 0.00000000     0.00000000        0.00000
sig2       2.532704e+00 1.1312283 0.04272590     0.15690017       51.98209
k          9.149786e+00 2.7425933 0.10358632     0.30803547       79.27228
ntheta     1.014979e+01 2.7425933 0.10358632     0.30803547       79.27228
root       4.994925e-01 0.8781154 0.03316596     0.19153170       21.01948
all theta  4.477916e-01 1.2659753         NA             NA             NA


Branches with posterior probabilities higher than 0.1:
          pp magnitude.of.theta2 naive.SE.of.theta2 rel.location
13 0.5805991           0.5302793         0.06430687   1.27962594
8  0.5663338           0.5855710         0.06510980   1.24279737
10 0.5577746           0.3300247         0.05673294   0.43220065
17 0.5420827           0.3786227         0.06507891   2.24003997
7  0.5392297           0.2433722         0.06023205   0.83114412
16 0.5349501           0.3425821         0.05368884   0.29329274
15 0.5306705           0.3028906         0.06611430   1.09762882
9  0.5192582           0.4334752         0.07402883   0.56839023
11 0.5121255           0.3193130         0.07129642   0.00320125
4  0.5078459           0.3070578         0.07521552   0.20123472
5  0.4978602           0.4112825         0.06725649  18.54191888
1  0.4935806           0.5146517         0.08441826   0.10156941
14 0.4878745           0.4681462         0.06987199   1.13859215
2  0.4835949           0.8526975         0.08430108   0.11982289
3  0.4764622           0.3285907         0.06494959   0.17810408
6  0.4693295           0.2938905         0.06959432  40.94366758
12 0.4308131           0.8695127         0.07517335   0.01074784
18 0.4194009           0.5442265         0.06076786   0.85636470
[1] "# Chain 2"
bayou MCMC chain: 10000 generations
1000 samples, first 300 samples discarded as burnin


Summary statistics for parameters:
                   Mean        SD   Naive SE Time-series SE Effective Size
lnL       -1.490575e+01 0.6816348 0.02574499     0.06385568      113.94738
prior     -3.430517e+01 4.3660365 0.16490292     0.49502200       77.79035
alpha      1.000000e-10 0.0000000 0.00000000     0.00000000        0.00000
sig2       2.386215e+00 1.0671129 0.04030430     0.11541559       85.48538
k          9.446505e+00 3.4212036 0.12921708     0.42310015       65.38400
ntheta     1.044650e+01 3.4212036 0.12921708     0.42310015       65.38400
root       5.982482e-01 0.6328018 0.02390059     0.06018987      110.53215
all theta  5.619397e-01 1.2104647         NA             NA             NA


Branches with posterior probabilities higher than 0.1:
          pp magnitude.of.theta2 naive.SE.of.theta2 rel.location
18 0.6248217           0.2346903         0.06623967  0.558554431
16 0.5577746           0.6222468         0.05391235  0.286207850
1  0.5549215           0.2110118         0.06558636  0.102526885
12 0.5549215           0.5811831         0.05940899  0.011912081
10 0.5477889           0.6764715         0.05746924  0.476608962
15 0.5463623           0.7563638         0.06906800  1.216131590
8  0.5420827           0.4187755         0.06092515  1.292364095
5  0.5349501           0.5628725         0.06404538 17.261503396
9  0.5278174           0.5965551         0.06667457  0.534388147
4  0.5221113           0.2703993         0.05967761  0.235699424
2  0.5178317           0.4485946         0.06130044  0.107756170
6  0.5106990           0.4689699         0.06865821 41.537744686
13 0.5078459           0.5570793         0.07016388  1.062781380
17 0.5064194           0.7961656         0.05102466  2.677272643
7  0.5007133           0.7968455         0.07084367  0.954984289
3  0.4778887           0.5239231         0.07178504  0.177817115
14 0.4721826           0.9120645         0.07135529  1.089607902
11 0.4393723           0.7574981         0.07670323  0.002779869
