[1] "# Chain 1"
bayou MCMC chain: 10000 generations
1000 samples, first 300 samples discarded as burnin


Summary statistics for parameters:
                   Mean        SD   Naive SE Time-series SE Effective Size
lnL       -7.406946e+01 0.9255680 0.03495822     0.07964382      135.05559
prior     -5.135202e+01 9.5112697 0.35923570     1.74912523       29.56890
alpha      1.000000e-10 0.0000000 0.00000000     0.00000000        0.00000
sig2       1.722290e+00 0.3420187 0.01291787     0.02877611      141.26524
k          8.950071e+00 2.6520215 0.10016547     0.49480621       28.72657
ntheta     9.950071e+00 2.6520215 0.10016547     0.49480621       28.72657
root       1.600344e+00 0.6350861 0.02398687     0.10517919       36.45907
all theta  1.557266e+00 1.3028683         NA             NA             NA


Branches with posterior probabilities higher than 0.1:
          pp magnitude.of.theta2 naive.SE.of.theta2 rel.location
5  0.2738944           0.4105509         0.05321821  2.108722863
24 0.2696148           2.2215298         0.09351154 18.667441878
33 0.2182596           1.4607874         0.11190196  1.801756263
93 0.2111270           1.3635844         0.08239809  0.624003943
6  0.2011412           0.7536190         0.09033300  9.605667803
95 0.1997147           1.5345034         0.07416236  0.302178349
96 0.1954351           1.8527558         0.12405851  0.262471055
26 0.1726106           1.7315041         0.10733169 23.228370906
85 0.1683310           1.4958767         0.08738942  0.633619298
25 0.1654779           1.5787602         0.13904273  7.664136898
81 0.1611983           1.2939183         0.09285577  1.586685461
54 0.1597718           2.2183699         0.15379811  2.569809310
92 0.1540656           1.4780202         0.09526811  0.272779678
39 0.1526391           1.9183757         0.11187596 10.940718941
55 0.1526391           2.7638073         0.12219525  9.397471404
31 0.1483595           1.6098955         0.12149651  0.879373092
57 0.1440799           1.5026264         0.13236588  0.013933965
34 0.1383738           1.5664430         0.14646327  0.569986220
78 0.1369472           1.2708928         0.10818151  1.118846361
41 0.1340942          -0.1713563         0.13936412  0.009214919
14 0.1326676           0.8158068         0.14399469  0.894119773
52 0.1298146           3.2559922         0.09163159  0.322417458
77 0.1298146           2.1769535         0.12165250  0.083888269
82 0.1283880           1.7579403         0.13209758  0.503446474
13 0.1255350           1.2224418         0.09258488  0.218413874
1  0.1198288           2.3846098         0.09141864  6.429727341
60 0.1155492           2.0982884         0.15555564  0.422055794
37 0.1141227           0.7502543         0.08237764  0.338622425
66 0.1126961           2.0619575         0.11649524 77.676104563
46 0.1069900           1.9075687         0.21898485  0.945458027
19 0.1055635           1.0167847         0.09007810  6.375062425
[1] "# Chain 2"
bayou MCMC chain: 10000 generations
1000 samples, first 300 samples discarded as burnin


Summary statistics for parameters:
                   Mean         SD   Naive SE Time-series SE Effective Size
lnL       -7.391438e+01  0.7524615 0.02842008     0.05572360      182.34348
prior     -5.616774e+01 12.1310134 0.45818205     2.79720191       18.80817
alpha      1.000000e-10  0.0000000 0.00000000     0.00000000        0.00000
sig2       1.677787e+00  0.3262435 0.01232205     0.02714319      144.46478
k          1.021541e+01  3.2628808 0.12323731     0.73656613       19.62361
ntheta     1.121541e+01  3.2628808 0.12323731     0.73656613       19.62361
root       1.478888e+00  0.5154222 0.01946723     0.07741400       44.32892
all theta  1.460433e+00  1.3833257         NA             NA             NA


Branches with posterior probabilities higher than 0.1:
          pp magnitude.of.theta2 naive.SE.of.theta2 rel.location
20 0.4664765          2.31439703         0.07592990 8.304570e+00
70 0.3195435          1.88401879         0.10835174 1.051279e+02
92 0.2681883         -0.01254376         0.09410114 3.483555e-01
64 0.2253923          0.80688489         0.11077070 4.103337e-01
68 0.2253923          2.03513627         0.08274225 1.104559e+00
83 0.2211127          1.56374763         0.10521091 2.248839e-01
96 0.2196862          1.60605020         0.13827295 3.588527e-01
43 0.2168331          1.11968453         0.07868278 2.589565e-01
26 0.2039943          1.80184004         0.08523255 2.141228e+01
45 0.2011412          0.96234582         0.09188282 5.283966e-01
17 0.1854494          2.09583074         0.13660996 1.419808e+00
52 0.1840228          1.06652632         0.07351034 1.652376e-01
93 0.1797432          0.48595891         0.08711764 4.933327e-01
38 0.1726106          0.83607074         0.06107562 3.745785e+01
76 0.1669044          1.38576275         0.15899893 5.120721e-01
6  0.1626248          2.31587399         0.11542220 6.541880e+00
66 0.1597718          2.38552150         0.12324104 7.360644e+01
86 0.1583452          1.92814133         0.19140354 1.146994e-01
33 0.1526391          1.12899525         0.10899321 1.872837e+00
5  0.1455064          1.24789848         0.09882485 1.829859e+00
59 0.1440799          2.21521074         0.19412130 1.511933e-01
3  0.1398003          2.96405911         0.15948162 1.499531e-01
30 0.1369472          1.55063296         0.06501503 7.956243e-01
40 0.1355207          1.54903289         0.06629180 1.940569e-01
77 0.1355207          1.37488924         0.09509732 3.165137e-01
39 0.1312411          0.72096729         0.11224222 1.066717e+01
41 0.1283880          0.97179649         0.09756056 9.545144e-03
56 0.1283880          1.85971453         0.14778058 2.273157e+01
53 0.1269615          1.15683954         0.14545137 4.919814e-01
60 0.1269615          2.59056040         0.06487826 4.172038e-01
75 0.1269615          0.95817286         0.05145693 8.380080e-02
67 0.1255350          2.16037996         0.15743207 2.883595e-01
63 0.1226819          1.31441184         0.10451688 6.270911e-02
50 0.1212553          1.81980590         0.10264478 3.563101e-01
81 0.1198288          1.95463244         0.10238436 1.783040e+00
88 0.1198288          0.48064395         0.23988982 8.922159e-02
89 0.1198288          0.80043113         0.25765214 1.287190e+00
55 0.1184023          0.81342120         0.13816149 1.230165e+01
78 0.1184023          1.85045143         0.11327301 1.191791e+00
54 0.1169757          0.99424669         0.07619323 2.222666e+00
62 0.1126961          2.08825298         0.12808351 3.433944e-01
13 0.1098431         -0.07100933         0.17856046 1.520818e-01
37 0.1069900          0.44745607         0.14510992 1.292125e+00
72 0.1055635          2.30674227         0.15488280 3.911533e-02
44 0.1041369          2.25037132         0.20406777 2.782802e-01
46 0.1027104          1.50235555         0.11323191 8.842434e-01
