[1] "# Chain 1"
bayou MCMC chain: 10000 generations
1000 samples, first 300 samples discarded as burnin


Summary statistics for parameters:
                   Mean         SD    Naive SE Time-series SE Effective Size
lnL       -6.661192e+02  0.8271685 0.031241723     0.11235913      54.196497
prior     -7.235688e+01 14.3655033 0.542577570     6.31524226       5.174420
alpha      1.000000e-10  0.0000000 0.000000000     0.00000000       0.000000
sig2       2.395609e+00  0.1601993 0.006050642     0.01553442     106.348434
k          8.891583e+00  2.4996458 0.094410318     1.22031451       4.195787
ntheta     9.891583e+00  2.4996458 0.094410318     1.22031451       4.195787
root       8.912486e-01  1.1892700 0.044918109     0.44888465       7.019262
all theta  1.731328e-01  1.7112680          NA             NA             NA


Branches with posterior probabilities higher than 0.1:
           pp magnitude.of.theta2 naive.SE.of.theta2 rel.location
748 0.2838802          0.23830968         0.07138380   3.68308163
659 0.2796006         -2.06971842         0.06623835   5.10479724
244 0.2781740         -1.18458820         0.03194763   3.18806971
351 0.2111270          0.47368626         0.06879748   0.93271666
165 0.2068474          0.26767858         0.10925633   0.09467984
544 0.1997147         -1.81136883         0.07023791  96.95590276
269 0.1982882          0.19128672         0.10107053   2.76156920
671 0.1897290         -0.11875171         0.04371134   0.79648850
255 0.1868759         -0.08582004         0.07803235  10.56501789
761 0.1783167         -2.10863515         0.05229460   4.98187574
307 0.1669044         -1.16388441         0.11525259   0.59432209
498 0.1669044         -3.05241104         0.11672306   4.07579076
270 0.1512126          0.09776805         0.05203788   0.56784637
271 0.1512126          0.52159454         0.07453548   0.24355182
642 0.1398003          0.31029000         0.05574664   0.19193302
681 0.1255350          1.28538896         0.05194603   0.18569332
168 0.1212553          1.48117928         0.12492122   0.06516103
268 0.1212553          0.76683455         0.08483374   0.26349613
753 0.1198288          0.03252980         0.12191034   9.94783511
30  0.1055635          1.78006765         0.05173009   0.16734764
303 0.1041369         -1.30139242         0.10414094   2.21284240
[1] "# Chain 2"
bayou MCMC chain: 10000 generations
1000 samples, first 300 samples discarded as burnin


Summary statistics for parameters:
                   Mean         SD    Naive SE Time-series SE Effective Size
lnL       -6.659951e+02  0.8844536 0.033405352     0.10798658      67.082701
prior     -7.074809e+01 10.2973808 0.388926706     3.54732355       8.426592
alpha      1.000000e-10  0.0000000 0.000000000     0.00000000       0.000000
sig2       2.393508e+00  0.1653297 0.006244416     0.01620997     104.024830
k          8.639087e+00  1.6986083 0.064155549     0.58293933       8.490627
ntheta     9.639087e+00  1.6986083 0.064155549     0.58293933       8.490627
root       8.662454e-01  0.9902844 0.037402526     0.31826318       9.681599
all theta  4.789363e-01  1.7198232          NA             NA             NA


Branches with posterior probabilities higher than 0.1:
           pp magnitude.of.theta2 naive.SE.of.theta2 rel.location
578 0.2853067       -0.0003578426         0.06821078    4.1507941
606 0.2681883        2.9575934111         0.08513719    1.2565116
692 0.2225392        0.6229399509         0.08698868    0.4758510
199 0.2196862        2.2892984517         0.09030114    4.6284717
351 0.2182596        1.8620549105         0.10773405    0.7704535
223 0.1868759        1.2648001175         0.06735298    0.7450868
229 0.1840228       -0.0381479427         0.12668448    0.9192847
464 0.1811698       -0.3778853806         0.06708923  105.4049043
771 0.1768902       -2.5660574802         0.09717551   18.3320171
263 0.1683310       -0.7084954639         0.08357595    0.1963685
304 0.1683310       -0.9950289484         0.13301276    3.5956921
584 0.1540656       -2.6913996088         0.11180102    2.6253341
274 0.1412268       -1.0204813482         0.07224845    1.7642917
693 0.1383738        0.2481453166         0.14475483    1.9670515
782 0.1340942        0.2807798566         0.10938378   10.6863510
255 0.1326676       -1.2790660119         0.12829423    9.2493318
74  0.1298146        2.6268668302         0.05467180    0.2427333
87  0.1255350       -0.0578650746         0.07182082    0.1592851
522 0.1226819       -0.8863395461         0.12412194    2.3249989
90  0.1198288        0.2211505956         0.10587761    0.1583503
515 0.1126961       -0.3881242594         0.09264387    1.7600337
265 0.1112696        1.2367006859         0.04827351    0.0392353
778 0.1027104        0.4367485512         0.13564886    0.4456062
