[1] "# Chain 1"
bayou MCMC chain: 10000 generations
1000 samples, first 300 samples discarded as burnin


Summary statistics for parameters:
                   Mean         SD    Naive SE Time-series SE Effective Size
lnL       -3.162280e+02  0.8036100 0.030351930     0.09244217      75.570162
prior     -6.510821e+01 15.8500124 0.598646706     6.97031755       5.170756
alpha      1.000000e-10  0.0000000 0.000000000     0.00000000       0.000000
sig2       2.024502e+00  0.2207488 0.008337569     0.01902840     134.583703
k          8.857347e+00  3.0345004 0.114611496     1.33606198       5.158473
ntheta     9.857347e+00  3.0345004 0.114611496     1.33606198       5.158473
root      -5.431245e-01  0.8322063 0.031431999     0.22082926      14.201977
all theta  2.933082e-01  1.5472803          NA             NA             NA


Branches with posterior probabilities higher than 0.1:
           pp magnitude.of.theta2 naive.SE.of.theta2 rel.location
57  0.3737518          1.84671477         0.07617875  10.98041161
141 0.2510699          0.18578546         0.08205111   0.01357252
59  0.2310984         -0.67234843         0.05715708   1.16373402
316 0.2182596          0.08426361         0.10270367   2.01818023
98  0.2097004         -0.30665490         0.05012877   0.04402534
125 0.2039943         -0.72438832         0.10152119   5.98434490
124 0.1982882         -0.77400168         0.11424149   0.10261442
247 0.1783167          1.73505268         0.11611858   1.50384882
352 0.1683310          0.73670169         0.07743639   0.30116005
297 0.1654779          0.27406165         0.13960390  14.99491802
387 0.1626248          0.28627959         0.07229926  82.38643611
205 0.1440799          2.39939315         0.05813694   3.58545372
107 0.1426534          0.03575864         0.11339363  11.71733894
133 0.1426534          0.12829720         0.12705894   4.32662643
295 0.1426534          2.13102159         0.19042143   5.96684571
279 0.1412268         -1.11663973         0.07976242   1.23897853
369 0.1398003          0.44284638         0.10336659   1.47009761
378 0.1398003         -1.05274243         0.08827564   0.18835034
62  0.1283880         -1.64426667         0.06118325   5.10822182
72  0.1169757         -0.61106165         0.05869095   1.42109663
361 0.1141227         -0.13242912         0.06126627   1.31244441
386 0.1141227         -1.26534983         0.06374083  30.27687724
53  0.1084165          3.63663986         0.07099131  24.96044472
245 0.1069900          2.52845201         0.09007061  15.01342597
324 0.1055635          0.17514981         0.21776231   0.07297683
363 0.1055635         -0.32353463         0.06862188   0.20585462
[1] "# Chain 2"
bayou MCMC chain: 10000 generations
1000 samples, first 300 samples discarded as burnin


Summary statistics for parameters:
                   Mean         SD    Naive SE Time-series SE Effective Size
lnL       -3.163791e+02  0.8969723 0.033878177     0.10689607      70.410049
prior     -6.061997e+01 14.4973876 0.547558773     6.22379643       5.425862
alpha      1.000000e-10  0.0000000 0.000000000     0.00000000       0.000000
sig2       2.080425e+00  0.2087525 0.007884475     0.01623962     165.238667
k          7.948645e+00  2.8531064 0.107760341     1.25102124       5.201236
ntheta     8.948645e+00  2.8531064 0.107760341     1.25102124       5.201236
root       9.458024e-01  1.1439500 0.043206395     0.31753578      12.978627
all theta  8.350946e-01  1.6614775          NA             NA             NA


Branches with posterior probabilities higher than 0.1:
           pp magnitude.of.theta2 naive.SE.of.theta2 rel.location
371 0.5920114         -0.56683727         0.07451698  0.032307441
249 0.5121255         -0.17728431         0.04892205  0.704529467
369 0.3666191          0.16516086         0.04119734  1.273512539
268 0.3480742          4.15054488         0.07287855  0.226149801
271 0.3095578          1.96653723         0.09158938  3.707395264
151 0.2039943          0.47596918         0.10383086  0.759789935
275 0.1840228          1.55576538         0.07580222  4.369393518
245 0.1825963         -0.32233891         0.14386913 15.677827934
294 0.1754636          0.79833074         0.06135627  0.307017865
361 0.1740371          2.11963241         0.11264865  0.304389161
359 0.1669044          2.57850141         0.08042085  0.249103431
201 0.1540656          2.16824880         0.11600167  0.001377805
84  0.1455064          0.19108836         0.05490473  0.031309842
221 0.1440799         -2.42052641         0.05128634  0.680958106
233 0.1440799         -0.09332059         0.07594450  0.131363064
270 0.1440799          0.51298669         0.08279300  0.036594115
386 0.1426534         -0.58943858         0.08976714  2.756603199
104 0.1412268         -0.26525906         0.12318969  1.871498155
370 0.1398003          0.20476780         0.05619575  0.091440630
9   0.1369472          0.10416318         0.06777941  0.007976771
69  0.1255350          0.91072935         0.11537187  0.377215019
156 0.1255350          2.40810008         0.18978287  0.609784663
341 0.1226819          1.45227602         0.16628597  0.468288251
47  0.1212553          3.17549528         0.19548628  0.038712289
333 0.1212553         -0.01819736         0.12395937  0.006588358
323 0.1184023          0.70740278         0.11248596  0.166426151
65  0.1141227         -1.12762492         0.09489268  0.199702361
158 0.1141227          2.80648566         0.06856883  0.860666634
70  0.1126961          2.90210425         0.06177293  0.161426778
231 0.1126961          1.68483918         0.11795162 23.648721945
18  0.1112696          1.24096769         0.08188501  0.191159632
238 0.1112696          1.04467090         0.10910146  0.125598220
293 0.1069900          0.83725077         0.06339176  7.787420235
263 0.1012839          1.22894034         0.17353234  0.052207273
