[1] "# Chain 1"
bayou MCMC chain: 10000 generations
1000 samples, first 300 samples discarded as burnin


Summary statistics for parameters:
                   Mean         SD   Naive SE Time-series SE Effective Size
lnL       -1.955759e+02  0.8322502 0.03143365     0.10603364       61.60564
prior     -6.241462e+01 11.8459874 0.44741677     3.21431598       13.58205
alpha      1.000000e-10  0.0000000 0.00000000     0.00000000        0.00000
sig2       4.593036e+00  0.5563802 0.02101419     0.04273996      169.46306
k          9.445078e+00  2.6460579 0.09994023     0.71139716       13.83485
ntheta     1.044508e+01  2.6460579 0.09994023     0.71139716       13.83485
root      -3.755036e-01  1.0751452 0.04060767     0.32289129       11.08719
all theta -3.514463e-01  1.4882685         NA             NA             NA


Branches with posterior probabilities higher than 0.1:
           pp magnitude.of.theta2 naive.SE.of.theta2 rel.location
97  0.3152639         -0.25905013         0.09235979   2.46607322
190 0.3038516         -0.50530494         0.11361243   0.92382100
3   0.3024251         -0.51342102         0.04651715   0.08634371
106 0.2396576         -1.66441970         0.11958399   3.48039753
89  0.2225392          0.25384989         0.06607929   0.50451853
187 0.2139800          1.47655660         0.07731269   0.12475435
53  0.2111270         -0.60641203         0.09462096  11.86097904
18  0.1711840          0.50498576         0.16360228   0.40608727
193 0.1583452         -0.11107228         0.12727057   1.58115933
73  0.1540656         -1.15513615         0.06956118  15.55273311
135 0.1469330          0.65726458         0.09002754   0.82321259
166 0.1469330         -0.69443469         0.13715475   2.77379916
153 0.1455064          0.18298638         0.11298079   1.38890267
143 0.1383738          0.31841307         0.20436463   0.49431145
185 0.1383738         -0.05928142         0.10531262   0.02214998
172 0.1340942         -0.94421536         0.08423317   1.07834286
161 0.1312411         -0.68505923         0.06026359   0.12528748
181 0.1312411         -0.01598104         0.09798157   2.48509272
21  0.1198288         -0.74451651         0.13644317   0.59692236
137 0.1184023          0.11204067         0.11923341   0.18590460
61  0.1141227         -0.54525318         0.10902026  13.33516933
114 0.1126961          0.33720179         0.10377119   0.09267382
87  0.1112696          0.37575530         0.12420311   0.06051565
138 0.1112696         -3.26103945         0.12531488   0.93336646
54  0.1084165         -0.34540582         0.21011424  19.49711204
111 0.1055635         -1.80485086         0.07514312   0.16867907
131 0.1041369         -0.27541674         0.08864232   1.54043936
68  0.1027104          1.20032430         0.24452778   1.07052163
98  0.1027104         -1.26717729         0.13694666   8.89440986
9   0.1012839         -0.58948729         0.07366942  17.52869585
104 0.1012839          0.23333136         0.13217306   0.34854429
[1] "# Chain 2"
bayou MCMC chain: 10000 generations
1000 samples, first 300 samples discarded as burnin


Summary statistics for parameters:
                   Mean         SD   Naive SE Time-series SE Effective Size
lnL       -1.956617e+02  0.8500873 0.03210735     0.10486771       65.71181
prior     -5.839426e+01 12.5778460 0.47505869     3.32081209       14.34577
alpha      1.000000e-10  0.0000000 0.00000000     0.00000000        0.00000
sig2       4.625153e+00  0.6534957 0.02468219     0.04650493      197.46377
k          8.446505e+00  2.8628767 0.10812936     0.78649734       13.24984
ntheta     9.446505e+00  2.8628767 0.10812936     0.78649734       13.24984
root       3.100429e-02  1.1460502 0.04328572     0.35144832       10.63370
all theta -5.320459e-02  1.5772418         NA             NA             NA


Branches with posterior probabilities higher than 0.1:
           pp magnitude.of.theta2 naive.SE.of.theta2 rel.location
61  0.3281027          -1.0623912         0.12675334  13.84025482
32  0.2724679          -1.4072887         0.07867131   0.92601374
106 0.1997147          -0.2884084         0.12862454   3.30754912
16  0.1683310           0.9824169         0.11050653   0.86792046
131 0.1483595          -0.9915267         0.12055671   2.05182015
176 0.1398003           0.7298300         0.13831073   0.14316584
91  0.1340942           0.4232165         0.12768546   0.52467817
89  0.1312411          -1.7723322         0.17722225   0.46155606
17  0.1255350           0.2712639         0.06250997   0.70798212
118 0.1198288          -0.6891188         0.11314296   1.35742554
109 0.1184023          -0.7860808         0.11063261   0.23024410
8   0.1169757           0.2837712         0.15847112   4.46618535
190 0.1155492           2.1459333         0.19925308   0.72082920
88  0.1098431           0.2100587         0.27659806   0.04126555
104 0.1098431           0.1641290         0.19170100   0.22273778
5   0.1084165          -1.7716428         0.13802196   0.62334466
191 0.1084165          -0.4334116         0.07778963   0.57440024
151 0.1069900           1.0231980         0.07612464   0.08416082
113 0.1055635          -1.3436085         0.13039645   0.03095557
122 0.1041369           1.0093971         0.09254746   0.16572022
67  0.1012839           0.2348447         0.08311942   0.82392322
93  0.1012839           0.4036239         0.09110797   1.17861177
