[1] "# Chain 1"
bayou MCMC chain: 10000 generations
1000 samples, first 300 samples discarded as burnin


Summary statistics for parameters:
                   Mean         SD   Naive SE Time-series SE Effective Size
lnL       -3.776412e+02  0.8428955 0.03183572     0.09984599      71.266631
prior     -7.035694e+01 16.6322598 0.62819178     8.84190459       3.538432
alpha      1.000000e-10  0.0000000 0.00000000     0.00000000       0.000000
sig2       3.688592e+00  0.3648978 0.01378200     0.02231503     267.391513
k          9.674750e+00  3.1586261 0.11929966     1.68724151       3.504628
ntheta     1.067475e+01  3.1586261 0.11929966     1.68724151       3.504628
root       1.346500e+00  0.9329872 0.03523844     0.26256614      12.626237
all theta  1.260914e+00  1.5980616         NA             NA             NA


Branches with posterior probabilities higher than 0.1:
           pp magnitude.of.theta2 naive.SE.of.theta2 rel.location
145 0.3965763           1.5103601         0.10331704   4.84130040
329 0.2681883          -0.9253916         0.06674508   3.57144620
62  0.2382311           1.3640072         0.16016054   0.09274239
334 0.2353780          -0.6860632         0.08520502   0.82230840
221 0.2339515           1.4907996         0.11067642   0.15485864
39  0.1883024           2.2380682         0.06569439   1.75562748
367 0.1883024           0.5883655         0.04979686   1.53960173
84  0.1868759           2.3506223         0.11641948   0.31517830
169 0.1811698          -1.2063322         0.15653468   0.89467007
253 0.1697575           1.1501660         0.13019831   0.42561105
109 0.1683310          -0.9489914         0.08957636   0.03757717
89  0.1669044           2.5508233         0.06303905   0.23773359
130 0.1583452          -0.5726442         0.06973334   0.20489402
143 0.1512126           1.6762756         0.17132111   2.72685758
236 0.1497860           3.8375548         0.06977702   0.25334140
10  0.1455064           0.4433764         0.07634584   0.62902289
370 0.1426534           2.4024564         0.05203917   4.44516739
331 0.1383738           1.2766815         0.08363654  26.41768114
333 0.1283880           2.1116499         0.13678974   0.87268300
285 0.1155492          -0.3230301         0.06971529   1.87599641
184 0.1141227           2.0540055         0.08266694   1.87060688
315 0.1141227           3.5832047         0.17513207   0.17189989
144 0.1126961           1.1387002         0.08135591   1.59748204
218 0.1112696           0.2083122         0.09226878   0.33990571
254 0.1069900           3.1015228         0.05748038   0.35665321
314 0.1055635           3.5202659         0.14363097   0.17423894
316 0.1041369           2.2707758         0.09339028   0.82142988
[1] "# Chain 2"
bayou MCMC chain: 10000 generations
1000 samples, first 300 samples discarded as burnin


Summary statistics for parameters:
                   Mean         SD   Naive SE Time-series SE Effective Size
lnL       -3.777272e+02  0.8063375 0.03045495     0.11009406      53.642125
prior     -6.868322e+01 15.3776991 0.58080768     5.53051207       7.731291
alpha      1.000000e-10  0.0000000 0.00000000     0.00000000       0.000000
sig2       3.738318e+00  0.3572935 0.01349479     0.02427714     216.598440
k          9.235378e+00  2.9833257 0.11267866     1.07743664       7.666866
ntheta     1.023538e+01  2.9833257 0.11267866     1.07743664       7.666866
root       2.020568e+00  1.1211529 0.04234536     0.37927781       8.738056
all theta  1.868248e+00  1.6661627         NA             NA             NA


Branches with posterior probabilities higher than 0.1:
           pp magnitude.of.theta2 naive.SE.of.theta2 rel.location
131 0.2396576          0.98710317         0.13165115   0.48193722
349 0.2168331          3.72464924         0.11444152   0.38481832
132 0.2011412          1.55517593         0.18760880   1.27760210
147 0.1840228          1.84251762         0.11506941   1.44219794
114 0.1811698          1.47961204         0.13853619   0.08021411
327 0.1811698          1.90767251         0.07136569   8.25191187
370 0.1797432          2.01682402         0.07612259   4.36059145
89  0.1669044          3.49858698         0.09523775   0.29236671
134 0.1611983          1.92956012         0.25051374   1.57978608
381 0.1554922          2.75814502         0.10753161   0.26581978
325 0.1469330          1.71332991         0.08363818   1.94367178
238 0.1355207         -0.04804795         0.02401361   0.47854084
269 0.1355207          3.47186654         0.20683686   2.52563979
140 0.1326676         -0.42208150         0.16925788   1.66309584
169 0.1298146          1.87903694         0.16090465   0.36569853
4   0.1255350          1.33126727         0.14188908   1.96477969
49  0.1255350         -0.27671470         0.12261925   0.48372604
97  0.1241084          2.20528103         0.04920659   0.27373172
127 0.1212553          1.42541083         0.19227726   0.22835023
302 0.1126961          1.62396690         0.08630003   1.56252390
58  0.1112696          1.43281898         0.12793565   0.02039433
138 0.1041369          2.08237100         0.23511884   2.58673502
