[1] "# Chain 1"
bayou MCMC chain: 10000 generations
1000 samples, first 300 samples discarded as burnin


Summary statistics for parameters:
                   Mean         SD   Naive SE Time-series SE Effective Size
lnL       -7.958170e+01  0.7003113 0.02645039     0.05004413      195.82855
prior     -5.108314e+01 11.2417095 0.42459351     2.48386043       20.48379
alpha      1.000000e-10  0.0000000 0.00000000     0.00000000        0.00000
sig2       2.611713e+00  0.5457730 0.02061356     0.04158005      172.28758
k          8.711840e+00  3.1222226 0.11792472     0.69467616       20.20054
ntheta     9.711840e+00  3.1222226 0.11792472     0.69467616       20.20054
root       2.225949e+00  0.7701758 0.02908914     0.15432663       24.90566
all theta  2.041069e+00  1.2533004         NA             NA             NA


Branches with posterior probabilities higher than 0.1:
          pp magnitude.of.theta2 naive.SE.of.theta2 rel.location
5  0.3238231           1.9812732         0.07894296  0.405435944
82 0.2524964           2.0629938         0.07005508  0.339708334
13 0.2439372           2.1895618         0.06852465  4.444135750
17 0.2211127           2.1166890         0.07014540  0.771051546
67 0.2196862           2.3423592         0.12870182 26.636281461
34 0.1997147           2.4294326         0.08799807  1.820671383
87 0.1997147           2.3347838         0.11566280  1.237228820
28 0.1711840           0.2548328         0.06921008  0.026817355
43 0.1683310           2.3282749         0.07350512  5.980657082
60 0.1640514           1.5723540         0.06483882  2.076894864
30 0.1597718           1.9305494         0.12472134  0.053506774
58 0.1569187           1.0660254         0.09932950  4.004137674
85 0.1426534           2.5070312         0.08153762  1.093554074
56 0.1412268           1.9306178         0.17225602  0.235262005
9  0.1398003           1.7726531         0.11781941  1.544007023
19 0.1383738           2.6340647         0.13937024  0.002348657
41 0.1340942           2.4992468         0.11225921  2.365379229
72 0.1340942           1.8450733         0.12544450  2.107065110
97 0.1269615           2.0167575         0.11857280  1.863746657
3  0.1255350           3.4040671         0.12545467  0.560819984
63 0.1241084           1.8502594         0.14097800  0.965921084
1  0.1226819           2.6180601         0.09505196  0.069167940
6  0.1226819           1.3403485         0.09456383  0.640147799
8  0.1198288           1.7207716         0.11942597  2.401354159
50 0.1155492           2.0559274         0.07313811  0.751998326
27 0.1126961           0.6738085         0.23121332  0.085746767
14 0.1112696           1.8736970         0.10208740  1.231262114
74 0.1098431           0.9197608         0.07405563  1.223968473
79 0.1098431           1.7124687         0.12362278  0.949220106
33 0.1084165           2.2535838         0.09728180  3.072716160
81 0.1084165           1.8309588         0.14011451  0.567564170
86 0.1055635           2.3705782         0.17144726  0.732839941
23 0.1041369           2.4891740         0.13656114  0.722566815
[1] "# Chain 2"
bayou MCMC chain: 10000 generations
1000 samples, first 300 samples discarded as burnin


Summary statistics for parameters:
                   Mean         SD   Naive SE Time-series SE Effective Size
lnL       -7.956458e+01  0.6674659 0.02520984     0.05741169      135.16291
prior     -5.838536e+01 12.8500459 0.48533953     3.17839858       16.34529
alpha      1.000000e-10  0.0000000 0.00000000     0.00000000        0.00000
sig2       2.727426e+00  0.5426208 0.02049450     0.04695673      133.53566
k          1.060485e+01  3.5608072 0.13448983     0.88240794       16.28389
ntheta     1.160485e+01  3.5608072 0.13448983     0.88240794       16.28389
root       2.035810e+00  0.8545841 0.03227720     0.20210467       17.87957
all theta  1.920856e+00  1.3865338         NA             NA             NA


Branches with posterior probabilities higher than 0.1:
          pp magnitude.of.theta2 naive.SE.of.theta2 rel.location
63 0.2325250           3.0469380         0.12378550  0.798982298
48 0.2239658           2.1675902         0.13036675  0.629226533
81 0.2196862           1.5770156         0.09961053  0.716395910
82 0.2196862           1.5398951         0.09586346  0.516045314
28 0.2154066           2.6622107         0.05870118  0.022350851
72 0.2082739           2.3768451         0.13966197  2.154255668
86 0.1940086           1.9832621         0.12049373  0.537739057
67 0.1883024           1.3778062         0.08225873 23.189715088
30 0.1868759           2.0426299         0.08569625  0.032447097
13 0.1854494           1.3064777         0.11591288  4.994452172
9  0.1840228           2.4230265         0.07185127  0.972970262
44 0.1840228           1.7312163         0.16490139  0.175540670
56 0.1840228           1.2673415         0.13627222  0.294301613
75 0.1840228           2.0701760         0.11375726  3.313757218
23 0.1811698           2.1826478         0.11754234  0.466382485
74 0.1797432           2.0680273         0.16704090  0.746704176
6  0.1754636           1.3890797         0.07551576  0.523320406
95 0.1726106           1.9182660         0.15350120  0.329506663
97 0.1726106           2.2119065         0.08581222  1.815882582
60 0.1683310           1.8981538         0.14172014  2.243923291
93 0.1640514           2.7194888         0.09859198  0.611039575
98 0.1640514           1.8473580         0.07418031  0.282481579
91 0.1626248           2.4711870         0.08867277  0.391520108
39 0.1569187           1.8076857         0.14329035  0.703530439
8  0.1554922           0.5174320         0.08699332  2.003050893
78 0.1512126           1.0688417         0.13745713  1.429833635
90 0.1455064           0.3439755         0.09149090  0.715116798
33 0.1426534           2.3890813         0.10986326  2.924976489
2  0.1398003           1.3886870         0.17153290  0.340885752
50 0.1398003           1.1310667         0.16267442  0.502728867
49 0.1383738           1.5817115         0.12098457  0.712860560
52 0.1369472           2.3964877         0.05645508  0.262765324
26 0.1355207           3.8967381         0.20350980  0.009639058
92 0.1340942           0.7034297         0.16290010  0.298870896
29 0.1298146           2.0016466         0.09833027  0.020601790
5  0.1255350           1.6716007         0.13322514  0.481336569
54 0.1255350           2.7550200         0.15578243  0.030984253
84 0.1255350           3.1228650         0.09537358  0.034651497
87 0.1255350           1.8131584         0.18476837  1.019653739
51 0.1241084           2.9946354         0.17506946  0.529313307
77 0.1241084           1.2551793         0.12012588 27.959985696
89 0.1241084           2.0165484         0.14239464  0.385931361
34 0.1226819           1.7722993         0.15468586  1.610882906
17 0.1212553           1.7011541         0.10765714  0.911554763
40 0.1169757           2.4699432         0.10618529  0.812039175
58 0.1155492           1.1191384         0.17882738  2.398451404
41 0.1112696           1.8920558         0.13579843  1.496372306
70 0.1041369           1.9576794         0.12014270  1.815525211
80 0.1041369           2.0877125         0.11119915  0.259470290
64 0.1027104           2.0442736         0.08392838  1.346552471
