[1] "# Chain 1"
bayou MCMC chain: 10000 generations
1000 samples, first 300 samples discarded as burnin


Summary statistics for parameters:
                   Mean        SD   Naive SE Time-series SE Effective Size
lnL       -1.388605e+01 0.5903848 0.02229853     0.05974440       97.65082
prior     -3.477578e+01 3.5823832 0.13530474     0.35879044       99.69247
alpha      1.000000e-10 0.0000000 0.00000000     0.00000000        0.00000
sig2       2.448035e+00 0.9587418 0.03621118     0.13156947       53.09983
k          9.885877e+00 3.0168267 0.11394397     0.31140963       93.85051
ntheta     1.088588e+01 3.0168267 0.11394397     0.31140963       93.85051
root       1.159730e+00 0.6136460 0.02317709     0.08428392       53.00861
all theta  1.281443e+00 1.1230698         NA             NA             NA


Branches with posterior probabilities higher than 0.1:
          pp magnitude.of.theta2 naive.SE.of.theta2 rel.location
10 0.6062767            1.114888         0.06020313 4.007910e+00
9  0.5977175            1.401898         0.05386214 5.506670e-01
15 0.5920114            1.121279         0.05395336 1.155406e+02
14 0.5791726            1.157539         0.05003916 3.056979e+00
3  0.5763195            1.580759         0.05870025 1.835049e-01
8  0.5748930            1.530426         0.05576774 2.505297e-01
4  0.5634807            1.230128         0.05699400 5.422468e-02
11 0.5592011            1.250936         0.05857251 1.097467e+00
5  0.5549215            1.181296         0.05868959 7.581610e-02
17 0.5549215            1.254688         0.04496798 1.556075e+00
7  0.5534950            1.334988         0.06091894 2.879025e-01
12 0.5363766            1.537736         0.06425346 1.034997e+00
6  0.5306705            1.229389         0.06547983 2.310760e-01
13 0.5278174            1.110686         0.06265926 2.487216e+00
16 0.5178317            1.373094         0.05574876 2.782432e+01
1  0.5164051            1.415657         0.06815446 7.745079e-03
2  0.4878745            1.081903         0.07143180 2.057831e-03
18 0.4564907            1.389345         0.05524792 1.267330e-01
[1] "# Chain 2"
bayou MCMC chain: 10000 generations
1000 samples, first 300 samples discarded as burnin


Summary statistics for parameters:
                   Mean        SD   Naive SE Time-series SE Effective Size
lnL       -1.416951e+01 0.8045912 0.03038899     0.07889677      103.99970
prior     -3.534239e+01 3.6660124 0.13846338     0.39003758       88.34357
alpha      1.000000e-10 0.0000000 0.00000000     0.00000000        0.00000
sig2       2.807935e+00 1.4582160 0.05507606     0.20733898       49.46316
k          1.008702e+01 3.0250601 0.11425494     0.34043546       78.95841
ntheta     1.108702e+01 3.0250601 0.11425494     0.34043546       78.95841
root       1.282822e+00 0.7197611 0.02718500     0.06771846      112.96986
all theta  1.444083e+00 1.1571119         NA             NA             NA


Branches with posterior probabilities higher than 0.1:
          pp magnitude.of.theta2 naive.SE.of.theta2 rel.location
9  0.7475036            1.534357         0.04317731 4.892782e-01
3  0.6119829            1.310807         0.06655952 1.719987e-01
12 0.5863053            1.131212         0.05744012 1.208246e+00
10 0.5763195            1.468578         0.06211811 4.115943e+00
16 0.5706134            1.571856         0.05289290 2.544687e+01
15 0.5677603            1.564315         0.05029661 1.147692e+02
13 0.5634807            1.754870         0.05650403 2.549381e+00
5  0.5592011            1.382711         0.06182609 9.190634e-02
8  0.5520685            1.522493         0.05995234 2.871788e-01
17 0.5506419            1.560729         0.05398169 1.861669e+00
11 0.5449358            1.470763         0.06078724 1.189681e+00
14 0.5449358            1.188489         0.05471502 3.466886e+00
6  0.5406562            1.632183         0.06581710 2.129977e-01
4  0.5378031            1.561554         0.06089349 6.006454e-02
18 0.5149786            1.514197         0.05369029 1.492915e-01
7  0.5121255            1.487414         0.05671719 2.717164e-01
1  0.5078459            1.087096         0.08017074 7.818376e-03
2  0.4978602            1.520487         0.07540703 2.376819e-03
