[1] "# Chain 1"
bayou MCMC chain: 10000 generations
1000 samples, first 300 samples discarded as burnin


Summary statistics for parameters:
                   Mean         SD    Naive SE Time-series SE Effective Size
lnL       -7.027461e+02  0.7091256 0.026783303     0.08860393      64.053131
prior     -6.822219e+01 12.9375446 0.488644316     5.97282555       4.691849
alpha      1.000000e-10  0.0000000 0.000000000     0.00000000       0.000000
sig2       3.168092e+00  0.2078963 0.007852134     0.02544259      66.768348
k          8.027104e+00  2.1851724 0.082532824     1.03869925       4.425800
ntheta     9.027104e+00  2.1851724 0.082532824     1.03869925       4.425800
root       3.130240e+00  0.9823481 0.037102775     0.24374664      16.242525
all theta  2.899431e+00  1.8403567          NA             NA             NA


Branches with posterior probabilities higher than 0.1:
           pp magnitude.of.theta2 naive.SE.of.theta2 rel.location
50  0.3452211           3.2715782         0.04740242    0.3114574
684 0.2824536           4.2279824         0.04508625    0.4857678
508 0.2268188           3.3443514         0.08334163    1.7213883
173 0.1982882           0.3741193         0.15295116    4.0819652
745 0.1968616           0.9587647         0.08414073    3.3410201
142 0.1683310           3.8421394         0.21913608    2.8832819
507 0.1654779           0.1716135         0.07603407    0.5009138
140 0.1626248           1.9305682         0.22716468    0.1651529
236 0.1626248           1.5746311         0.09019923   14.7728672
242 0.1540656           4.1050358         0.10202783    3.8970930
674 0.1455064           5.1581592         0.16200117    2.7334265
78  0.1283880           3.5806533         0.07590201    0.3416414
655 0.1269615           4.1457353         0.12325884    0.6951748
765 0.1255350           3.9391701         0.10827391    7.6700375
657 0.1226819           3.9239098         0.12767803    2.7917662
175 0.1212553           1.3332895         0.17993235    0.6706929
768 0.1169757           5.5352186         0.07072895    0.7819157
432 0.1155492           2.6123475         0.23857501   15.8187144
144 0.1126961           2.9796957         0.28670373    0.9619219
747 0.1126961           1.6681173         0.12453693    0.5689838
451 0.1069900           0.9495538         0.07985064    3.7792336
136 0.1055635           2.5512121         0.06241548    0.1318886
143 0.1027104           6.0418622         0.16799606    3.4194001
[1] "# Chain 2"
bayou MCMC chain: 10000 generations
1000 samples, first 300 samples discarded as burnin


Summary statistics for parameters:
                   Mean         SD    Naive SE Time-series SE Effective Size
lnL       -7.029114e+02  0.7986090 0.030163044     0.10277013      60.385766
prior     -7.459431e+01 12.6717058 0.478603721     4.89981713       6.688218
alpha      1.000000e-10  0.0000000 0.000000000     0.00000000       0.000000
sig2       3.215823e+00  0.2379533 0.008987371     0.01961981     147.093599
k          9.116976e+00  2.2117892 0.083538125     0.89352627       6.127352
ntheta     1.011698e+01  2.2117892 0.083538125     0.89352627       6.127352
root       3.501351e+00  1.1996143 0.045308805     0.35895734      11.168570
all theta  3.042773e+00  1.8168394          NA             NA             NA


Branches with posterior probabilities higher than 0.1:
           pp magnitude.of.theta2 naive.SE.of.theta2 rel.location
136 0.4950071          5.02416767         0.12766431   0.14947899
162 0.4793153          3.12826604         0.06369314   1.22498377
632 0.4179743          1.67324596         0.06832189   6.22152945
323 0.3523538          1.66186071         0.08782340   2.54751145
135 0.2995720          2.37446578         0.13695971   0.13009574
722 0.2753210          3.01706157         0.09622561   0.33695396
137 0.2596291          3.29983444         0.11141271   0.13769836
4   0.2553495          2.16611941         0.08663718   0.16707432
643 0.2282454          5.12969716         0.08621221   6.76400395
430 0.2268188          2.81171080         0.09886425   0.31770570
103 0.2068474          2.29709779         0.06813791   1.09372569
341 0.1711840          3.04604763         0.12388239   0.65352150
758 0.1583452          0.88443334         0.10529109   4.89125924
8   0.1540656          4.46687084         0.04409196   0.01123328
631 0.1469330          0.02468972         0.09144874   3.36201596
138 0.1440799          3.47226489         0.17820856   0.28930057
421 0.1326676          2.59491766         0.19242272   2.67893995
179 0.1069900          2.85210453         0.07342267   0.72376694
418 0.1069900          5.43994024         0.06046197   0.46562719
431 0.1055635          3.11251135         0.16603129   0.66570337
222 0.1027104          2.51804738         0.17853839   9.14003631
