50
0	t19
1	t28
2	t21
3	t6
4	t48
5	t16
6	t15
7	t29
8	t50
9	t49
10	t35
11	t8
12	t25
13	t17
14	t30
15	t38
16	t42
17	t2
18	t4
19	t43
20	t14
21	t41
22	t31
23	t32
24	t20
25	t46
26	t27
27	t9
28	t10
29	t39
30	t33
31	t22
32	t45
33	t34
34	t37
35	t40
36	t13
37	t1
38	t11
39	t18
40	t5
41	t23
42	t3
43	t24
44	t7
45	t12
46	t47
47	t44
48	t26
49	t36
99
0	0.456088	50	29	49	1	44	20	30	10	22	33	21	37	26	41	28	35	43	25	6	7	19	9	32	40	0	8	13	39	4	42	5	18	46	23	11	14	27	24	12	36	31	47	16	2	3	45	34	38	48	15	17	
1	0.720977	35	29	49	1	44	20	30	10	22	33	21	37	26	41	28	35	43	25	6	7	19	9	32	40	0	8	13	39	4	42	5	18	46	23	11	14	
2	1.646818	6	29	49	1	44	20	30	
3	1.393759	1	29	
4	0.691767	5	49	1	44	20	30	
5	0.007866	4	49	1	44	20	
6	0.398729	2	49	1	
7	0.295397	1	49	
8	0.295397	1	1	
9	0.448524	2	44	20	
10	0.245602	1	44	
11	0.245602	1	20	
12	0.701992	1	30	
13	0.469813	29	10	22	33	21	37	26	41	28	35	43	25	6	7	19	9	32	40	0	8	13	39	4	42	5	18	46	23	11	14	
14	2.570765	1	10	
15	0.244453	28	22	33	21	37	26	41	28	35	43	25	6	7	19	9	32	40	0	8	13	39	4	42	5	18	46	23	11	14	
16	0.558141	5	22	33	21	37	26	
17	1.420590	2	22	33	
18	0.347581	1	22	
19	0.347581	1	33	
20	1.398123	3	21	37	26	
21	0.370048	1	21	
22	0.173882	2	37	26	
23	0.196166	1	37	
24	0.196166	1	26	
25	0.036182	23	41	28	35	43	25	6	7	19	9	32	40	0	8	13	39	4	42	5	18	46	23	11	14	
26	0.728327	20	41	28	35	43	25	6	7	19	9	32	40	0	8	13	39	4	42	5	18	46	
27	1.325401	6	41	28	35	43	25	6	
28	0.066974	4	41	28	35	43	
29	0.169429	1	41	
30	0.070609	3	28	35	43	
31	0.060226	2	28	35	
32	0.038593	1	28	
33	0.038593	1	35	
34	0.098819	1	43	
35	0.156866	2	25	6	
36	0.079536	1	25	
37	0.079536	1	6	
38	0.686568	14	7	19	9	32	40	0	8	13	39	4	42	5	18	46	
39	0.557071	4	7	19	9	32	
40	0.318163	1	7	
41	0.213167	3	19	9	32	
42	0.104997	1	19	
43	0.054049	2	9	32	
44	0.050948	1	9	
45	0.050948	1	32	
46	0.003764	10	40	0	8	13	39	4	42	5	18	46	
47	0.572522	3	40	0	8	
48	0.018720	2	40	0	
49	0.280229	1	40	
50	0.280229	1	0	
51	0.298949	1	8	
52	0.043459	7	13	39	4	42	5	18	46	
53	0.054126	6	13	39	4	42	5	18	
54	0.075266	4	13	39	4	42	
55	0.351018	3	13	39	4	
56	0.347601	1	13	
57	0.051499	2	39	4	
58	0.296102	1	39	
59	0.296102	1	4	
60	0.698620	1	42	
61	0.407352	2	5	18	
62	0.366533	1	5	
63	0.366533	1	18	
64	0.828011	1	46	
65	1.510257	3	23	11	14	
66	0.439853	2	23	11	
67	0.340020	1	23	
68	0.340020	1	11	
69	0.779873	1	14	
70	1.793703	15	27	24	12	36	31	47	16	2	3	45	34	38	48	15	17	
71	0.474503	6	27	24	12	36	31	47	
72	0.709567	3	27	24	12	
73	0.283962	2	27	24	
74	0.499819	1	27	
75	0.499819	1	24	
76	0.783781	1	12	
77	1.248507	3	36	31	47	
78	0.244842	1	36	
79	0.051103	2	31	47	
80	0.193738	1	31	
81	0.193738	1	47	
82	1.072533	9	16	2	3	45	34	38	48	15	17	
83	0.117528	3	16	2	3	
84	0.382364	2	16	2	
85	0.395427	1	16	
86	0.395427	1	2	
87	0.777790	1	3	
88	0.104779	6	45	34	38	48	15	17	
89	0.304305	2	45	34	
90	0.486234	1	45	
91	0.486234	1	34	
92	0.068024	4	38	48	15	17	
93	0.722516	1	38	
94	0.542006	3	48	15	17	
95	0.069589	2	48	15	
96	0.110920	1	48	
97	0.110920	1	15	
98	0.180510	1	17	
It	Lh	Lh + Prior	No Pram	Alpha	Sigma^2	Alpha Scale Prior	Node ID	Scaler	Creat It	Node / Branch	
4000	-68.732634	-92.664927	7	0.233492	0.523806	1.100000	46	15.103390	512	Node	47	0.531764	2484	Node	30	1.914808	3756	Node	95	1.471975	3378	Node	19	3.479216	3674	Branch	3	19.450027	1599	Branch	56	3.591073	3937	Branch	
5000	-70.195748	-94.612173	7	0.620634	0.892157	1.100000	46	15.182737	512	Node	54	2.687562	4573	Branch	94	1.454724	4974	Node	79	1.052600	4865	Node	3	26.932485	1599	Branch	19	10.154640	3674	Branch	56	2.524523	3937	Branch	
6000	-68.529993	-99.911157	9	0.623708	0.506421	1.100000	46	7.362923	512	Node	53	5.004725	5443	Branch	71	11.053507	5608	Branch	57	3.568773	5968	Node	79	11.375899	5747	Branch	3	15.835913	1599	Branch	12	8.619614	5919	Branch	80	10.419818	5168	Branch	56	13.881035	4573	Branch	
7000	-73.101031	-86.881556	4	0.272369	0.985663	1.100000	1	1.853184	6791	Branch	46	10.241769	512	Node	5	0.081379	5919	Branch	37	0.841321	6767	Branch	
8000	-76.339949	-93.383684	4	0.774615	0.666077	1.100000	46	32.234017	512	Node	2	13.144297	6791	Branch	16	12.005782	7423	Branch	40	0.453305	7968	Branch	
9000	-70.248957	-91.215146	6	0.267640	0.682173	1.100000	46	9.837174	512	Node	43	0.285022	8758	Node	9	0.534114	8936	Node	61	14.738820	8943	Node	35	1.390786	8882	Branch	12	13.414221	9000	Branch	
10000	-76.187875	-92.768870	5	1.118747	1.033210	1.100000	46	10.826636	512	Node	53	2.078501	9668	Branch	77	7.295916	9704	Node	40	0.776885	9862	Branch	29	7.472401	9766	Branch	
