100
0	t52
1	t28
2	t54
3	t71
4	t94
5	t40
6	t60
7	t21
8	t18
9	t9
10	t25
11	t1
12	t82
13	t61
14	t73
15	t8
16	t72
17	t89
18	t37
19	t20
20	t15
21	t43
22	t45
23	t32
24	t24
25	t63
26	t36
27	t34
28	t68
29	t97
30	t31
31	t93
32	t55
33	t95
34	t49
35	t4
36	t64
37	t42
38	t5
39	t59
40	t2
41	t81
42	t83
43	t39
44	t100
45	t29
46	t78
47	t88
48	t84
49	t26
50	t22
51	t16
52	t3
53	t35
54	t30
55	t17
56	t69
57	t33
58	t92
59	t11
60	t13
61	t51
62	t75
63	t53
64	t74
65	t79
66	t99
67	t87
68	t7
69	t91
70	t70
71	t62
72	t19
73	t23
74	t66
75	t47
76	t38
77	t58
78	t90
79	t56
80	t50
81	t12
82	t6
83	t98
84	t48
85	t10
86	t44
87	t14
88	t76
89	t27
90	t80
91	t41
92	t77
93	t65
94	t46
95	t85
96	t57
97	t67
98	t86
99	t96
199
0	0.084692	100	51	54	53	17	21	91	4	88	58	15	93	34	1	72	89	96	65	92	52	13	49	83	56	3	78	84	75	24	71	7	81	12	41	97	5	50	67	23	42	0	45	99	66	30	2	10	87	59	62	6	28	20	19	29	11	90	48	85	31	40	57	55	18	32	73	69	35	26	43	60	16	98	22	77	27	39	37	82	47	76	70	44	38	61	64	14	8	86	74	79	33	63	46	68	94	95	36	25	9	80	
1	0.091240	79	51	54	53	17	21	91	4	88	58	15	93	34	1	72	89	96	65	92	52	13	49	83	56	3	78	84	75	24	71	7	81	12	41	97	5	50	67	23	42	0	45	99	66	30	2	10	87	59	62	6	28	20	19	29	11	90	48	85	31	40	57	55	18	32	73	69	35	26	43	60	16	98	22	77	27	39	37	82	47	
2	3.231968	1	51	
3	0.521437	78	54	53	17	21	91	4	88	58	15	93	34	1	72	89	96	65	92	52	13	49	83	56	3	78	84	75	24	71	7	81	12	41	97	5	50	67	23	42	0	45	99	66	30	2	10	87	59	62	6	28	20	19	29	11	90	48	85	31	40	57	55	18	32	73	69	35	26	43	60	16	98	22	77	27	39	37	82	47	
4	0.102025	55	54	53	17	21	91	4	88	58	15	93	34	1	72	89	96	65	92	52	13	49	83	56	3	78	84	75	24	71	7	81	12	41	97	5	50	67	23	42	0	45	99	66	30	2	10	87	59	62	6	28	20	19	29	11	90	
5	2.608506	1	54	
6	0.017684	54	53	17	21	91	4	88	58	15	93	34	1	72	89	96	65	92	52	13	49	83	56	3	78	84	75	24	71	7	81	12	41	97	5	50	67	23	42	0	45	99	66	30	2	10	87	59	62	6	28	20	19	29	11	90	
7	1.564835	6	53	17	21	91	4	88	
8	0.893887	2	53	17	
9	0.132100	1	53	
10	0.132100	1	17	
11	0.707048	4	21	91	4	88	
12	0.184238	3	21	91	4	
13	0.032289	2	21	91	
14	0.102411	1	21	
15	0.102411	1	91	
16	0.134700	1	4	
17	0.318939	1	88	
18	0.084670	48	58	15	93	34	1	72	89	96	65	92	52	13	49	83	56	3	78	84	75	24	71	7	81	12	41	97	5	50	67	23	42	0	45	99	66	30	2	10	87	59	62	6	28	20	19	29	11	90	
19	0.898864	8	58	15	93	34	1	72	89	96	
20	1.102104	2	58	15	
21	0.505184	1	58	
22	0.505184	1	15	
23	0.260885	6	93	34	1	72	89	96	
24	1.102308	3	93	34	1	
25	0.244095	1	93	
26	0.187533	2	34	1	
27	0.056562	1	34	
28	0.056562	1	1	
29	0.450773	3	72	89	96	
30	0.895630	1	72	
31	0.865775	2	89	96	
32	0.029855	1	89	
33	0.029855	1	96	
34	0.343367	40	65	92	52	13	49	83	56	3	78	84	75	24	71	7	81	12	41	97	5	50	67	23	42	0	45	99	66	30	2	10	87	59	62	6	28	20	19	29	11	90	
35	0.221360	29	65	92	52	13	49	83	56	3	78	84	75	24	71	7	81	12	41	97	5	50	67	23	42	0	45	99	66	30	2	
36	0.882170	9	65	92	52	13	49	83	56	3	78	
37	0.667412	5	65	92	52	13	49	
38	0.215296	3	65	92	52	
39	0.176548	1	65	
40	0.046748	2	92	52	
41	0.129801	1	92	
42	0.129801	1	52	
43	0.233491	2	13	49	
44	0.158353	1	13	
45	0.158353	1	49	
46	0.001752	4	83	56	3	78	
47	0.688619	3	83	56	3	
48	0.368886	1	83	
49	0.063014	2	56	3	
50	0.305871	1	56	
51	0.305871	1	3	
52	1.057505	1	78	
53	0.547334	20	84	75	24	71	7	81	12	41	97	5	50	67	23	42	0	45	99	66	30	2	
54	0.151201	18	84	75	24	71	7	81	12	41	97	5	50	67	23	42	0	45	99	66	
55	0.338208	6	84	75	24	71	7	81	
56	0.133728	4	84	75	24	71	
57	0.068423	3	84	75	24	
58	0.338709	2	84	75	
59	0.363823	1	84	
60	0.363823	1	75	
61	0.702532	1	24	
62	0.770955	1	71	
63	0.665531	2	7	81	
64	0.239152	1	7	
65	0.239152	1	81	
66	0.024599	12	12	41	97	5	50	67	23	42	0	45	99	66	
67	0.058302	3	12	41	97	
68	0.833185	2	12	41	
69	0.326805	1	12	
70	0.326805	1	41	
71	1.159990	1	97	
72	0.338274	9	5	50	67	23	42	0	45	99	66	
73	0.282001	7	5	50	67	23	42	0	45	
74	0.270432	5	5	50	67	23	42	
75	0.134583	3	5	50	67	
76	0.177691	2	5	50	
77	0.015311	1	5	
78	0.015311	1	50	
79	0.193002	1	67	
80	0.220294	2	23	42	
81	0.107291	1	23	
82	0.107291	1	42	
83	0.588542	2	0	45	
84	0.009475	1	0	
85	0.009475	1	45	
86	0.136584	2	99	66	
87	0.743434	1	99	
88	0.743434	1	66	
89	1.369918	2	30	2	
90	0.024174	1	30	
91	0.024174	1	2	
92	0.685023	11	10	87	59	62	6	28	20	19	29	11	90	
93	0.605488	8	10	87	59	62	6	28	20	19	
94	0.596599	4	10	87	59	62	
95	0.139369	2	10	87	
96	0.136306	1	10	
97	0.136306	1	87	
98	0.230040	2	59	62	
99	0.045636	1	59	
100	0.045636	1	62	
101	0.385545	4	6	28	20	19	
102	0.486730	1	6	
103	0.080782	3	28	20	19	
104	0.405948	1	28	
105	0.158443	2	20	19	
106	0.247505	1	20	
107	0.247505	1	19	
108	1.008025	3	29	11	90	
109	0.452913	2	29	11	
110	0.016826	1	29	
111	0.016826	1	11	
112	0.469738	1	90	
113	0.183338	23	48	85	31	40	57	55	18	32	73	69	35	26	43	60	16	98	22	77	27	39	37	82	47	
114	2.116668	6	48	85	31	40	57	55	
115	0.068385	5	48	85	31	40	57	
116	0.170695	2	48	85	
117	0.171446	1	48	
118	0.171446	1	85	
119	0.216617	3	31	40	57	
120	0.125524	1	31	
121	0.047671	2	40	57	
122	0.077853	1	40	
123	0.077853	1	57	
124	0.410526	1	55	
125	0.158033	17	18	32	73	69	35	26	43	60	16	98	22	77	27	39	37	82	47	
126	1.460187	6	18	32	73	69	35	26	
127	0.000313	3	18	32	73	
128	0.908661	1	18	
129	0.617179	2	32	73	
130	0.291482	1	32	
131	0.291482	1	73	
132	0.146689	3	69	35	26	
133	0.757435	2	69	35	
134	0.004850	1	69	
135	0.004850	1	35	
136	0.762285	1	26	
137	0.595841	11	43	60	16	98	22	77	27	39	37	82	47	
138	1.245052	6	43	60	16	98	22	77	
139	0.528268	1	43	
140	0.013917	5	60	16	98	22	77	
141	0.319050	4	60	16	98	22	
142	0.084753	2	60	16	
143	0.110549	1	60	
144	0.110549	1	16	
145	0.069949	2	98	22	
146	0.125352	1	98	
147	0.125352	1	22	
148	0.514351	1	77	
149	1.059683	5	27	39	37	82	47	
150	0.706892	2	27	39	
151	0.006744	1	27	
152	0.006744	1	39	
153	0.178461	3	37	82	47	
154	0.535176	1	37	
155	0.137659	2	82	47	
156	0.397516	1	82	
157	0.397516	1	47	
158	1.730995	21	76	70	44	38	61	64	14	8	86	74	79	33	63	46	68	94	95	36	25	9	80	
159	0.069678	8	76	70	44	38	61	64	14	8	
160	1.522535	1	76	
161	0.753299	7	70	44	38	61	64	14	8	
162	0.018069	6	70	44	38	61	64	14	
163	0.212931	5	70	44	38	61	64	
164	0.495604	4	70	44	38	61	
165	0.042632	1	70	
166	0.012252	3	44	38	61	
167	0.019153	2	44	38	
168	0.011228	1	44	
169	0.011228	1	38	
170	0.030381	1	61	
171	0.538237	1	64	
172	0.751168	1	14	
173	0.769236	1	8	
174	0.332880	13	86	74	79	33	63	46	68	94	95	36	25	9	80	
175	0.277606	7	86	74	79	33	63	46	68	
176	0.686570	4	86	74	79	33	
177	0.295157	1	86	
178	0.215786	3	74	79	33	
179	0.079372	1	74	
180	0.005292	2	79	33	
181	0.074080	1	79	
182	0.074080	1	33	
183	0.242848	3	63	46	68	
184	0.299109	2	63	46	
185	0.439770	1	63	
186	0.439770	1	46	
187	0.738879	1	68	
188	0.161851	6	94	95	36	25	9	80	
189	1.097483	1	94	
190	0.551095	5	95	36	25	9	80	
191	0.546388	1	95	
192	0.045822	4	36	25	9	80	
193	0.378539	2	36	25	
194	0.122027	1	36	
195	0.122027	1	25	
196	0.240198	2	9	80	
197	0.260368	1	9	
198	0.260368	1	80	
It	Lh	Lh + Prior	No Pram	Alpha	Sigma^2	Alpha Scale Prior	Node ID	Scaler	Creat It	Node / Branch	
4000	-139.967302	-179.881166	12	0.328481	1.142275	1.100000	4	0.534619	3843	Node	35	8.735597	3293	Branch	53	17.966614	104	Node	188	13.419189	3916	Branch	7	1.709918	3950	Node	164	13.641022	3936	Branch	94	0.862212	2081	Node	57	1.630111	3726	Branch	166	1.514093	3227	Branch	47	3.200391	3736	Node	59	26.947592	3712	Branch	169	2.996340	2244	Branch	
5000	-137.915386	-172.578376	11	0.965215	0.934137	1.100000	53	16.773579	104	Node	163	13.114861	3936	Branch	176	0.576459	4866	Node	166	8.686921	3227	Branch	103	1.181165	4696	Node	75	7.296431	4049	Branch	98	5.119625	4671	Node	147	0.654323	4311	Branch	169	1.899457	2244	Branch	185	6.460259	4283	Branch	139	6.449703	4158	Branch	
6000	-137.951397	-158.349224	6	1.408375	1.028133	1.100000	53	11.935682	104	Node	89	1.949490	5626	Node	80	7.446371	4049	Branch	139	0.994457	5234	Branch	170	13.721382	3227	Branch	169	8.156369	2244	Branch	
7000	-137.637151	-154.613429	5	2.204284	0.932329	1.100000	53	12.029585	104	Node	116	0.767755	6108	Node	172	11.250352	6585	Branch	169	1.321344	2244	Branch	79	0.907904	6737	Branch	
8000	-136.175933	-153.795541	5	1.006976	1.012974	1.100000	53	15.808880	104	Node	23	5.167627	7926	Branch	133	14.982127	7542	Branch	79	1.627625	6737	Branch	152	3.229466	7979	Branch	
9000	-136.203053	-166.542845	9	0.329149	0.791787	1.100000	158	10.262708	8628	Branch	53	10.682752	104	Node	161	0.655155	8645	Branch	31	12.652426	8744	Node	133	7.625618	7542	Branch	89	10.363656	8796	Node	198	2.843627	8841	Branch	152	12.278193	7979	Branch	82	4.041371	8353	Branch	
10000	-138.853157	-155.714828	5	2.282872	0.950692	1.100000	53	13.859885	104	Node	192	2.950096	9949	Node	108	3.680812	9657	Branch	132	4.308013	9431	Node	152	2.454948	7979	Branch	
