100
0	t52
1	t28
2	t54
3	t71
4	t94
5	t40
6	t60
7	t21
8	t18
9	t9
10	t25
11	t1
12	t82
13	t61
14	t73
15	t8
16	t72
17	t89
18	t37
19	t20
20	t15
21	t43
22	t45
23	t32
24	t24
25	t63
26	t36
27	t34
28	t68
29	t97
30	t31
31	t93
32	t55
33	t95
34	t49
35	t4
36	t64
37	t42
38	t5
39	t59
40	t2
41	t81
42	t83
43	t39
44	t100
45	t29
46	t78
47	t88
48	t84
49	t26
50	t22
51	t16
52	t3
53	t35
54	t30
55	t17
56	t69
57	t33
58	t92
59	t11
60	t13
61	t51
62	t75
63	t53
64	t74
65	t79
66	t99
67	t87
68	t7
69	t91
70	t70
71	t62
72	t19
73	t23
74	t66
75	t47
76	t38
77	t58
78	t90
79	t56
80	t50
81	t12
82	t6
83	t98
84	t48
85	t10
86	t44
87	t14
88	t76
89	t27
90	t80
91	t41
92	t77
93	t65
94	t46
95	t85
96	t57
97	t67
98	t86
99	t96
199
0	0.084692	100	51	54	53	17	21	91	4	88	58	15	93	34	1	72	89	96	65	92	52	13	49	83	56	3	78	84	75	24	71	7	81	12	41	97	5	50	67	23	42	0	45	99	66	30	2	10	87	59	62	6	28	20	19	29	11	90	48	85	31	40	57	55	18	32	73	69	35	26	43	60	16	98	22	77	27	39	37	82	47	76	70	44	38	61	64	14	8	86	74	79	33	63	46	68	94	95	36	25	9	80	
1	0.091240	79	51	54	53	17	21	91	4	88	58	15	93	34	1	72	89	96	65	92	52	13	49	83	56	3	78	84	75	24	71	7	81	12	41	97	5	50	67	23	42	0	45	99	66	30	2	10	87	59	62	6	28	20	19	29	11	90	48	85	31	40	57	55	18	32	73	69	35	26	43	60	16	98	22	77	27	39	37	82	47	
2	3.231968	1	51	
3	0.521437	78	54	53	17	21	91	4	88	58	15	93	34	1	72	89	96	65	92	52	13	49	83	56	3	78	84	75	24	71	7	81	12	41	97	5	50	67	23	42	0	45	99	66	30	2	10	87	59	62	6	28	20	19	29	11	90	48	85	31	40	57	55	18	32	73	69	35	26	43	60	16	98	22	77	27	39	37	82	47	
4	0.102025	55	54	53	17	21	91	4	88	58	15	93	34	1	72	89	96	65	92	52	13	49	83	56	3	78	84	75	24	71	7	81	12	41	97	5	50	67	23	42	0	45	99	66	30	2	10	87	59	62	6	28	20	19	29	11	90	
5	2.608506	1	54	
6	0.017684	54	53	17	21	91	4	88	58	15	93	34	1	72	89	96	65	92	52	13	49	83	56	3	78	84	75	24	71	7	81	12	41	97	5	50	67	23	42	0	45	99	66	30	2	10	87	59	62	6	28	20	19	29	11	90	
7	1.564835	6	53	17	21	91	4	88	
8	0.893887	2	53	17	
9	0.132100	1	53	
10	0.132100	1	17	
11	0.707048	4	21	91	4	88	
12	0.184238	3	21	91	4	
13	0.032289	2	21	91	
14	0.102411	1	21	
15	0.102411	1	91	
16	0.134700	1	4	
17	0.318939	1	88	
18	0.084670	48	58	15	93	34	1	72	89	96	65	92	52	13	49	83	56	3	78	84	75	24	71	7	81	12	41	97	5	50	67	23	42	0	45	99	66	30	2	10	87	59	62	6	28	20	19	29	11	90	
19	0.898864	8	58	15	93	34	1	72	89	96	
20	1.102104	2	58	15	
21	0.505184	1	58	
22	0.505184	1	15	
23	0.260885	6	93	34	1	72	89	96	
24	1.102308	3	93	34	1	
25	0.244095	1	93	
26	0.187533	2	34	1	
27	0.056562	1	34	
28	0.056562	1	1	
29	0.450773	3	72	89	96	
30	0.895630	1	72	
31	0.865775	2	89	96	
32	0.029855	1	89	
33	0.029855	1	96	
34	0.343367	40	65	92	52	13	49	83	56	3	78	84	75	24	71	7	81	12	41	97	5	50	67	23	42	0	45	99	66	30	2	10	87	59	62	6	28	20	19	29	11	90	
35	0.221360	29	65	92	52	13	49	83	56	3	78	84	75	24	71	7	81	12	41	97	5	50	67	23	42	0	45	99	66	30	2	
36	0.882170	9	65	92	52	13	49	83	56	3	78	
37	0.667412	5	65	92	52	13	49	
38	0.215296	3	65	92	52	
39	0.176548	1	65	
40	0.046748	2	92	52	
41	0.129801	1	92	
42	0.129801	1	52	
43	0.233491	2	13	49	
44	0.158353	1	13	
45	0.158353	1	49	
46	0.001752	4	83	56	3	78	
47	0.688619	3	83	56	3	
48	0.368886	1	83	
49	0.063014	2	56	3	
50	0.305871	1	56	
51	0.305871	1	3	
52	1.057505	1	78	
53	0.547334	20	84	75	24	71	7	81	12	41	97	5	50	67	23	42	0	45	99	66	30	2	
54	0.151201	18	84	75	24	71	7	81	12	41	97	5	50	67	23	42	0	45	99	66	
55	0.338208	6	84	75	24	71	7	81	
56	0.133728	4	84	75	24	71	
57	0.068423	3	84	75	24	
58	0.338709	2	84	75	
59	0.363823	1	84	
60	0.363823	1	75	
61	0.702532	1	24	
62	0.770955	1	71	
63	0.665531	2	7	81	
64	0.239152	1	7	
65	0.239152	1	81	
66	0.024599	12	12	41	97	5	50	67	23	42	0	45	99	66	
67	0.058302	3	12	41	97	
68	0.833185	2	12	41	
69	0.326805	1	12	
70	0.326805	1	41	
71	1.159990	1	97	
72	0.338274	9	5	50	67	23	42	0	45	99	66	
73	0.282001	7	5	50	67	23	42	0	45	
74	0.270432	5	5	50	67	23	42	
75	0.134583	3	5	50	67	
76	0.177691	2	5	50	
77	0.015311	1	5	
78	0.015311	1	50	
79	0.193002	1	67	
80	0.220294	2	23	42	
81	0.107291	1	23	
82	0.107291	1	42	
83	0.588542	2	0	45	
84	0.009475	1	0	
85	0.009475	1	45	
86	0.136584	2	99	66	
87	0.743434	1	99	
88	0.743434	1	66	
89	1.369918	2	30	2	
90	0.024174	1	30	
91	0.024174	1	2	
92	0.685023	11	10	87	59	62	6	28	20	19	29	11	90	
93	0.605488	8	10	87	59	62	6	28	20	19	
94	0.596599	4	10	87	59	62	
95	0.139369	2	10	87	
96	0.136306	1	10	
97	0.136306	1	87	
98	0.230040	2	59	62	
99	0.045636	1	59	
100	0.045636	1	62	
101	0.385545	4	6	28	20	19	
102	0.486730	1	6	
103	0.080782	3	28	20	19	
104	0.405948	1	28	
105	0.158443	2	20	19	
106	0.247505	1	20	
107	0.247505	1	19	
108	1.008025	3	29	11	90	
109	0.452913	2	29	11	
110	0.016826	1	29	
111	0.016826	1	11	
112	0.469738	1	90	
113	0.183338	23	48	85	31	40	57	55	18	32	73	69	35	26	43	60	16	98	22	77	27	39	37	82	47	
114	2.116668	6	48	85	31	40	57	55	
115	0.068385	5	48	85	31	40	57	
116	0.170695	2	48	85	
117	0.171446	1	48	
118	0.171446	1	85	
119	0.216617	3	31	40	57	
120	0.125524	1	31	
121	0.047671	2	40	57	
122	0.077853	1	40	
123	0.077853	1	57	
124	0.410526	1	55	
125	0.158033	17	18	32	73	69	35	26	43	60	16	98	22	77	27	39	37	82	47	
126	1.460187	6	18	32	73	69	35	26	
127	0.000313	3	18	32	73	
128	0.908661	1	18	
129	0.617179	2	32	73	
130	0.291482	1	32	
131	0.291482	1	73	
132	0.146689	3	69	35	26	
133	0.757435	2	69	35	
134	0.004850	1	69	
135	0.004850	1	35	
136	0.762285	1	26	
137	0.595841	11	43	60	16	98	22	77	27	39	37	82	47	
138	1.245052	6	43	60	16	98	22	77	
139	0.528268	1	43	
140	0.013917	5	60	16	98	22	77	
141	0.319050	4	60	16	98	22	
142	0.084753	2	60	16	
143	0.110549	1	60	
144	0.110549	1	16	
145	0.069949	2	98	22	
146	0.125352	1	98	
147	0.125352	1	22	
148	0.514351	1	77	
149	1.059683	5	27	39	37	82	47	
150	0.706892	2	27	39	
151	0.006744	1	27	
152	0.006744	1	39	
153	0.178461	3	37	82	47	
154	0.535176	1	37	
155	0.137659	2	82	47	
156	0.397516	1	82	
157	0.397516	1	47	
158	1.730995	21	76	70	44	38	61	64	14	8	86	74	79	33	63	46	68	94	95	36	25	9	80	
159	0.069678	8	76	70	44	38	61	64	14	8	
160	1.522535	1	76	
161	0.753299	7	70	44	38	61	64	14	8	
162	0.018069	6	70	44	38	61	64	14	
163	0.212931	5	70	44	38	61	64	
164	0.495604	4	70	44	38	61	
165	0.042632	1	70	
166	0.012252	3	44	38	61	
167	0.019153	2	44	38	
168	0.011228	1	44	
169	0.011228	1	38	
170	0.030381	1	61	
171	0.538237	1	64	
172	0.751168	1	14	
173	0.769236	1	8	
174	0.332880	13	86	74	79	33	63	46	68	94	95	36	25	9	80	
175	0.277606	7	86	74	79	33	63	46	68	
176	0.686570	4	86	74	79	33	
177	0.295157	1	86	
178	0.215786	3	74	79	33	
179	0.079372	1	74	
180	0.005292	2	79	33	
181	0.074080	1	79	
182	0.074080	1	33	
183	0.242848	3	63	46	68	
184	0.299109	2	63	46	
185	0.439770	1	63	
186	0.439770	1	46	
187	0.738879	1	68	
188	0.161851	6	94	95	36	25	9	80	
189	1.097483	1	94	
190	0.551095	5	95	36	25	9	80	
191	0.546388	1	95	
192	0.045822	4	36	25	9	80	
193	0.378539	2	36	25	
194	0.122027	1	36	
195	0.122027	1	25	
196	0.240198	2	9	80	
197	0.260368	1	9	
198	0.260368	1	80	
It	Lh	Lh + Prior	No Pram	Alpha	Sigma^2	Alpha Scale Prior	Node ID	Scaler	Creat It	Node / Branch	
4000	-136.754235	-168.825588	10	0.698653	0.834835	1.100000	35	5.005023	3740	Branch	174	5.235533	2370	Branch	66	7.252174	560	Node	55	13.277276	426	Node	74	1.905115	3076	Node	57	0.333791	3769	Branch	132	2.791160	1875	Branch	89	14.682638	273	Node	118	4.710747	1791	Branch	123	11.590584	3661	Branch	
5000	-136.669241	-174.348496	12	0.984651	0.934225	1.100000	174	0.469008	4986	Branch	66	10.360162	560	Node	55	12.356216	426	Node	188	12.825478	2370	Branch	115	0.253486	1791	Branch	101	3.358046	4994	Node	183	0.440400	4868	Branch	57	5.709738	3769	Branch	142	6.645913	4143	Branch	129	3.648704	1875	Branch	89	13.872359	273	Node	116	3.288964	4995	Node	
6000	-138.252980	-161.666400	7	0.707180	1.235255	1.100000	174	4.267354	4986	Branch	66	10.807329	560	Node	56	5.980412	426	Node	89	16.596248	273	Node	146	4.375097	5722	Branch	187	0.118176	4868	Branch	122	7.140306	1791	Branch	
7000	-138.942527	-181.463467	13	0.726388	1.101197	1.100000	18	8.894500	6940	Branch	174	1.435704	4986	Branch	66	6.967503	560	Node	55	24.623372	426	Node	94	1.306701	6798	Node	153	3.419016	6033	Node	103	1.844120	6856	Node	89	22.632179	273	Node	76	0.418645	6571	Branch	89	18.227476	6022	Branch	105	0.783238	6799	Node	179	4.954074	4868	Branch	118	0.070975	6578	Branch	
8000	-135.088661	-166.313664	9	1.284731	0.767738	1.100000	66	9.891364	560	Node	36	17.996286	7675	Branch	55	3.819020	7927	Branch	56	26.144011	426	Node	176	2.084100	7529	Node	75	1.768529	7241	Node	89	17.507996	273	Node	98	1.751240	6798	Node	118	2.642413	6578	Branch	
9000	-130.451324	-187.839721	17	0.980313	0.800211	1.100000	3	2.166410	8959	Branch	158	31.287393	8634	Branch	66	5.611761	560	Node	72	7.098768	8261	Branch	36	36.151794	7675	Branch	72	1.390786	8872	Node	93	6.338215	8217	Branch	73	2.836925	7241	Node	74	0.604647	8864	Node	56	23.471778	426	Node	24	5.532975	8832	Branch	153	3.647742	8913	Branch	89	10.517273	273	Node	13	8.884194	8924	Branch	184	5.380546	8656	Node	118	0.627070	6578	Branch	90	8.223625	8778	Branch	
10000	-137.819852	-172.494002	11	1.373188	1.062510	1.100000	54	8.700987	560	Node	174	0.350203	8634	Branch	137	0.667052	9975	Node	93	3.137083	8217	Branch	47	13.182117	7675	Branch	121	5.234766	6578	Branch	90	13.844763	8778	Branch	156	3.433131	9360	Branch	87	0.564101	8261	Branch	25	0.665810	8832	Branch	171	14.927467	9982	Branch	
