50
0	t31
1	t18
2	t10
3	t34
4	t6
5	t2
6	t5
7	t36
8	t23
9	t17
10	t26
11	t47
12	t40
13	t27
14	t37
15	t19
16	t30
17	t43
18	t8
19	t25
20	t11
21	t33
22	t29
23	t39
24	t7
25	t42
26	t15
27	t45
28	t13
29	t3
30	t46
31	t22
32	t48
33	t50
34	t49
35	t20
36	t28
37	t12
38	t44
39	t4
40	t41
41	t35
42	t14
43	t9
44	t16
45	t21
46	t32
47	t1
48	t24
49	t38
99
0	1.224727	50	26	0	5	3	23	16	27	31	43	22	34	18	30	33	10	6	4	38	39	8	14	48	47	2	37	17	42	49	44	28	29	40	32	9	21	15	1	25	13	41	20	19	12	24	35	46	11	45	36	7	
1	1.031010	24	26	0	5	3	23	16	27	31	43	22	34	18	30	33	10	6	4	38	39	8	14	48	47	2	
2	1.181318	7	26	0	5	3	23	16	27	
3	0.955402	6	26	0	5	3	23	16	
4	0.229311	5	26	0	5	3	23	
5	0.081788	2	26	0	
6	0.454035	1	26	
7	0.454035	1	0	
8	0.283322	3	5	3	23	
9	0.095043	2	5	3	
10	0.157458	1	5	
11	0.157458	1	3	
12	0.252501	1	23	
13	0.765135	1	16	
14	1.720537	1	27	
15	0.904034	17	31	43	22	34	18	30	33	10	6	4	38	39	8	14	48	47	2	
16	1.385489	3	31	43	22	
17	0.463389	2	31	43	
18	0.148944	1	31	
19	0.148944	1	43	
20	0.612332	1	22	
21	0.400809	14	34	18	30	33	10	6	4	38	39	8	14	48	47	2	
22	0.937868	6	34	18	30	33	10	6	
23	0.243088	5	34	18	30	33	10	
24	0.352653	2	34	18	
25	0.063404	1	34	
26	0.063404	1	18	
27	0.295645	3	30	33	10	
28	0.120412	1	30	
29	0.018707	2	33	10	
30	0.101705	1	33	
31	0.101705	1	10	
32	0.659145	1	6	
33	0.111999	8	4	38	39	8	14	48	47	2	
34	0.503421	3	4	38	39	
35	0.886611	2	4	38	
36	0.094982	1	4	
37	0.094982	1	38	
38	0.981592	1	39	
39	0.910432	5	8	14	48	47	2	
40	0.144711	4	8	14	48	47	
41	0.429870	1	8	
42	0.167760	3	14	48	47	
43	0.100971	2	14	48	
44	0.161138	1	14	
45	0.161138	1	48	
46	0.262110	1	47	
47	0.574581	1	2	
48	0.139014	26	37	17	42	49	44	28	29	40	32	9	21	15	1	25	13	41	20	19	12	24	35	46	11	45	36	7	
49	1.261062	25	37	17	42	49	44	28	29	40	32	9	21	15	1	25	13	41	20	19	12	24	35	46	11	45	36	
50	0.225809	10	37	17	42	49	44	28	29	40	32	9	
51	1.035286	3	37	17	42	
52	0.430178	2	37	17	
53	0.841516	1	37	
54	0.841516	1	17	
55	1.271694	1	42	
56	1.093278	7	49	44	28	29	40	32	9	
57	1.088296	2	49	44	
58	0.125406	1	49	
59	0.125406	1	44	
60	0.576381	5	28	29	40	32	9	
61	0.308589	4	28	29	40	32	
62	0.083919	3	28	29	40	
63	0.002765	2	28	29	
64	0.242048	1	28	
65	0.242048	1	29	
66	0.244813	1	40	
67	0.328732	1	32	
68	0.637321	1	9	
69	1.441025	15	21	15	1	25	13	41	20	19	12	24	35	46	11	45	36	
70	0.196921	12	21	15	1	25	13	41	20	19	12	24	35	46	
71	0.357333	4	21	15	1	25	
72	0.537510	1	21	
73	0.355827	3	15	1	25	
74	0.181683	1	15	
75	0.027673	2	1	25	
76	0.154009	1	1	
77	0.154009	1	25	
78	0.419644	8	13	41	20	19	12	24	35	46	
79	0.475199	1	13	
80	0.082752	7	41	20	19	12	24	35	46	
81	0.088208	6	41	20	19	12	24	35	
82	0.039606	5	41	20	19	12	24	
83	0.110259	2	41	20	
84	0.154374	1	41	
85	0.154374	1	20	
86	0.070315	3	19	12	24	
87	0.194318	1	19	
88	0.171417	2	12	24	
89	0.022900	1	12	
90	0.022900	1	24	
91	0.304239	1	35	
92	0.392447	1	46	
93	0.771951	3	11	45	36	
94	0.087225	2	11	45	
95	0.232588	1	11	
96	0.232588	1	45	
97	0.319813	1	36	
98	3.793851	1	7	
It	Lh	Lh + Prior	No Pram	Alpha	Sigma^2	Alpha Scale Prior	Node ID	Scaler	Creat It	Node / Branch	
4000	-68.674528	-99.119655	10	1.048301	0.404930	1.100000	21	0.866617	3842	Node	50	14.519350	8	Node	78	4.033527	1784	Node	22	5.941978	3039	Branch	4	5.967041	3711	Node	73	3.567504	3632	Node	9	4.844925	3408	Node	24	2.391934	3540	Node	52	0.739235	3406	Node	31	0.623249	3744	Branch	
5000	-66.910323	-89.002318	7	0.528637	0.554482	1.100000	70	4.383408	1784	Node	50	4.936543	8	Node	80	1.950542	4770	Node	56	2.848561	4670	Branch	57	2.640377	4913	Node	47	2.569706	4733	Branch	41	14.024842	4426	Branch	
6000	-65.804972	-90.925502	7	1.639606	0.450457	1.100000	70	8.450824	1784	Node	60	19.080207	4913	Node	51	4.468720	8	Node	52	2.049138	5530	Branch	57	14.577472	5954	Node	26	1.402897	5726	Branch	41	16.559482	4426	Branch	
7000	-67.353827	-90.146564	7	0.678570	0.724110	1.100000	70	2.942123	1784	Node	56	12.469911	4913	Node	93	0.995231	6797	Node	79	3.641168	6717	Branch	55	4.965152	6093	Branch	53	5.381168	6885	Branch	30	13.359594	6666	Branch	
8000	-64.482261	-92.829692	8	0.182367	0.453235	1.100000	70	3.977597	1784	Node	60	11.954331	4913	Node	57	12.992926	7800	Node	87	12.964383	7715	Branch	11	3.949509	7762	Branch	37	2.839431	7625	Branch	55	18.126449	6093	Branch	25	0.720962	7858	Branch	
9000	-67.655423	-96.396477	8	0.361565	0.343186	1.100000	70	4.468195	1784	Node	56	11.223655	8859	Node	62	23.848025	4913	Node	29	1.515257	8856	Node	47	6.347017	8549	Branch	79	7.001120	8835	Branch	55	19.514970	6093	Branch	67	1.787450	8674	Branch	
10000	-82.214166	-92.798053	2	1.861246	3.031315	1.100000	4	0.318503	9163	Branch	87	26.365696	9249	Branch	
