400
0	t261
1	t321
2	t221
3	t110
4	t1
5	t268
6	t372
7	t3
8	t75
9	t24
10	t52
11	t189
12	t360
13	t209
14	t115
15	t233
16	t34
17	t259
18	t235
19	t30
20	t243
21	t266
22	t205
23	t298
24	t352
25	t98
26	t96
27	t395
28	t387
29	t87
30	t61
31	t29
32	t8
33	t206
34	t97
35	t282
36	t151
37	t279
38	t251
39	t225
40	t180
41	t319
42	t17
43	t200
44	t227
45	t13
46	t339
47	t42
48	t338
49	t103
50	t390
51	t328
52	t349
53	t36
54	t132
55	t167
56	t342
57	t140
58	t356
59	t158
60	t293
61	t100
62	t5
63	t215
64	t294
65	t207
66	t208
67	t79
68	t108
69	t199
70	t344
71	t11
72	t306
73	t164
74	t104
75	t252
76	t106
77	t91
78	t148
79	t400
80	t318
81	t111
82	t117
83	t234
84	t203
85	t9
86	t194
87	t143
88	t295
89	t359
90	t373
91	t54
92	t182
93	t398
94	t190
95	t386
96	t369
97	t134
98	t262
99	t315
100	t219
101	t392
102	t256
103	t348
104	t355
105	t212
106	t181
107	t320
108	t56
109	t223
110	t141
111	t353
112	t66
113	t35
114	t95
115	t26
116	t135
117	t25
118	t38
119	t86
120	t198
121	t57
122	t20
123	t213
124	t93
125	t67
126	t185
127	t381
128	t47
129	t370
130	t322
131	t274
132	t296
133	t362
134	t4
135	t16
136	t241
137	t176
138	t278
139	t2
140	t364
141	t214
142	t238
143	t125
144	t308
145	t250
146	t247
147	t314
148	t288
149	t334
150	t377
151	t31
152	t341
153	t281
154	t133
155	t375
156	t224
157	t324
158	t195
159	t325
160	t15
161	t118
162	t383
163	t152
164	t120
165	t202
166	t399
167	t287
168	t271
169	t286
170	t311
171	t156
172	t65
173	t150
174	t89
175	t192
176	t124
177	t297
178	t272
179	t142
180	t55
181	t260
182	t69
183	t112
184	t337
185	t77
186	t245
187	t204
188	t71
189	t123
190	t309
191	t226
192	t361
193	t33
194	t285
195	t44
196	t346
197	t393
198	t128
199	t146
200	t317
201	t267
202	t351
203	t168
204	t170
205	t363
206	t76
207	t109
208	t331
209	t92
210	t138
211	t220
212	t183
213	t323
214	t63
215	t242
216	t62
217	t157
218	t237
219	t275
220	t283
221	t28
222	t184
223	t99
224	t257
225	t292
226	t253
227	t74
228	t201
229	t121
230	t380
231	t211
232	t347
233	t210
234	t231
235	t389
236	t382
237	t102
238	t153
239	t136
240	t39
241	t166
242	t68
243	t258
244	t37
245	t385
246	t193
247	t22
248	t255
249	t88
250	t302
251	t354
252	t305
253	t244
254	t357
255	t32
256	t46
257	t312
258	t163
259	t291
260	t70
261	t83
262	t396
263	t376
264	t154
265	t340
266	t51
267	t81
268	t122
269	t300
270	t149
271	t350
272	t265
273	t175
274	t222
275	t60
276	t187
277	t239
278	t289
279	t263
280	t161
281	t165
282	t127
283	t240
284	t147
285	t85
286	t307
287	t178
288	t280
289	t374
290	t171
291	t43
292	t290
293	t174
294	t343
295	t145
296	t84
297	t303
298	t191
299	t80
300	t105
301	t236
302	t18
303	t197
304	t301
305	t10
306	t378
307	t94
308	t137
309	t27
310	t249
311	t48
312	t53
313	t196
314	t218
315	t269
316	t160
317	t73
318	t228
319	t330
320	t90
321	t72
322	t394
323	t186
324	t254
325	t216
326	t264
327	t155
328	t270
329	t113
330	t49
331	t177
332	t384
333	t277
334	t64
335	t12
336	t276
337	t116
338	t365
339	t40
340	t313
341	t248
342	t229
343	t172
344	t388
345	t273
346	t358
347	t299
348	t41
349	t119
350	t130
351	t391
352	t6
353	t159
354	t162
355	t101
356	t23
357	t246
358	t7
359	t114
360	t336
361	t45
362	t126
363	t333
364	t284
365	t217
366	t371
367	t310
368	t367
369	t335
370	t329
371	t58
372	t129
373	t82
374	t19
375	t345
376	t397
377	t326
378	t14
379	t327
380	t379
381	t366
382	t21
383	t316
384	t188
385	t107
386	t139
387	t131
388	t368
389	t232
390	t78
391	t173
392	t59
393	t169
394	t179
395	t144
396	t230
397	t304
398	t50
399	t332
799
0	0.467990	400	141	156	386	151	220	197	121	118	224	393	50	172	242	314	138	236	23	258	245	388	257	113	278	137	339	330	392	76	300	246	57	337	170	331	351	238	348	234	165	304	185	111	129	228	21	307	305	61	371	139	193	316	70	60	377	132	159	378	115	35	146	13	145	340	295	394	85	281	44	368	387	203	99	229	106	209	343	292	125	109	53	255	181	84	200	389	78	328	202	176	356	72	104	135	390	58	153	83	80	283	25	69	100	126	175	306	56	93	86	312	375	303	55	102	262	318	263	380	43	230	256	171	108	206	110	333	366	382	155	42	367	259	158	22	51	363	90	332	49	294	222	253	128	160	325	204	317	399	103	276	369	195	91	54	169	250	64	321	346	241	96	199	352	88	157	194	354	163	218	73	225	97	299	249	5	63	226	149	119	147	268	353	6	130	186	221	174	232	3	187	0	233	210	335	47	178	350	15	291	26	320	274	277	311	177	46	309	288	79	273	302	280	370	357	211	133	107	243	254	167	182	391	297	123	271	269	359	29	376	143	131	201	374	248	127	8	112	240	395	18	270	184	326	24	134	272	208	296	136	327	265	198	77	212	365	308	162	347	372	2	355	383	189	161	260	344	34	168	267	71	94	322	286	214	105	68	360	223	27	122	114	38	98	9	205	216	334	19	289	301	341	275	329	66	298	144	74	150	65	219	62	75	124	379	342	40	164	239	1	358	180	81	237	215	183	148	188	396	213	45	11	37	120	152	290	20	231	398	48	36	89	39	67	293	235	313	179	385	261	82	338	207	310	52	30	14	364	252	319	31	384	247	92	17	87	101	349	12	95	16	154	227	196	266	140	324	336	166	32	373	33	7	217	397	282	4	284	362	251	41	191	315	244	117	192	10	323	264	173	279	190	28	381	287	361	59	116	345	285	142	
1	0.893110	304	141	156	386	151	220	197	121	118	224	393	50	172	242	314	138	236	23	258	245	388	257	113	278	137	339	330	392	76	300	246	57	337	170	331	351	238	348	234	165	304	185	111	129	228	21	307	305	61	371	139	193	316	70	60	377	132	159	378	115	35	146	13	145	340	295	394	85	281	44	368	387	203	99	229	106	209	343	292	125	109	53	255	181	84	200	389	78	328	202	176	356	72	104	135	390	58	153	83	80	283	25	69	100	126	175	306	56	93	86	312	375	303	55	102	262	318	263	380	43	230	256	171	108	206	110	333	366	382	155	42	367	259	158	22	51	363	90	332	49	294	222	253	128	160	325	204	317	399	103	276	369	195	91	54	169	250	64	321	346	241	96	199	352	88	157	194	354	163	218	73	225	97	299	249	5	63	226	149	119	147	268	353	6	130	186	221	174	232	3	187	0	233	210	335	47	178	350	15	291	26	320	274	277	311	177	46	309	288	79	273	302	280	370	357	211	133	107	243	254	167	182	391	297	123	271	269	359	29	376	143	131	201	374	248	127	8	112	240	395	18	270	184	326	24	134	272	208	296	136	327	265	198	77	212	365	308	162	347	372	2	355	383	189	161	260	344	34	168	267	71	94	322	286	214	105	68	360	223	27	122	114	38	98	9	205	216	334	19	289	301	341	275	329	66	298	144	74	150	65	219	62	75	124	379	
2	0.167508	251	141	156	386	151	220	197	121	118	224	393	50	172	242	314	138	236	23	258	245	388	257	113	278	137	339	330	392	76	300	246	57	337	170	331	351	238	348	234	165	304	185	111	129	228	21	307	305	61	371	139	193	316	70	60	377	132	159	378	115	35	146	13	145	340	295	394	85	281	44	368	387	203	99	229	106	209	343	292	125	109	53	255	181	84	200	389	78	328	202	176	356	72	104	135	390	58	153	83	80	283	25	69	100	126	175	306	56	93	86	312	375	303	55	102	262	318	263	380	43	230	256	171	108	206	110	333	366	382	155	42	367	259	158	22	51	363	90	332	49	294	222	253	128	160	325	204	317	399	103	276	369	195	91	54	169	250	64	321	346	241	96	199	352	88	157	194	354	163	218	73	225	97	299	249	5	63	226	149	119	147	268	353	6	130	186	221	174	232	3	187	0	233	210	335	47	178	350	15	291	26	320	274	277	311	177	46	309	288	79	273	302	280	370	357	211	133	107	243	254	167	182	391	297	123	271	269	359	29	376	143	131	201	374	248	127	8	112	240	395	18	270	184	326	24	134	272	208	296	136	327	265	
3	0.812166	80	141	156	386	151	220	197	121	118	224	393	50	172	242	314	138	236	23	258	245	388	257	113	278	137	339	330	392	76	300	246	57	337	170	331	351	238	348	234	165	304	185	111	129	228	21	307	305	61	371	139	193	316	70	60	377	132	159	378	115	35	146	13	145	340	295	394	85	281	44	368	387	203	99	229	106	209	343	292	125	109	
4	0.634525	57	141	156	386	151	220	197	121	118	224	393	50	172	242	314	138	236	23	258	245	388	257	113	278	137	339	330	392	76	300	246	57	337	170	331	351	238	348	234	165	304	185	111	129	228	21	307	305	61	371	139	193	316	70	60	377	132	159	
5	0.239320	20	141	156	386	151	220	197	121	118	224	393	50	172	242	314	138	236	23	258	245	388	
6	3.312149	1	141	
7	1.815893	19	156	386	151	220	197	121	118	224	393	50	172	242	314	138	236	23	258	245	388	
8	0.268551	8	156	386	151	220	197	121	118	224	
9	0.638251	5	156	386	151	220	197	
10	0.049342	3	156	386	151	
11	0.357247	2	156	386	
12	0.182864	1	156	
13	0.182864	1	386	
14	0.540112	1	151	
15	0.152263	2	220	197	
16	0.437190	1	220	
17	0.437190	1	197	
18	0.286685	3	121	118	224	
19	0.941019	1	121	
20	0.452671	2	118	224	
21	0.488348	1	118	
22	0.488348	1	224	
23	0.046496	11	393	50	172	242	314	138	236	23	258	245	388	
24	1.161645	4	393	50	172	242	
25	0.047896	3	393	50	172	
26	0.236212	2	393	50	
27	0.004006	1	393	
28	0.004006	1	50	
29	0.240218	1	172	
30	0.288114	1	242	
31	0.035711	7	314	138	236	23	258	245	388	
32	0.289843	4	314	138	236	23	
33	0.406952	3	314	138	236	
34	0.717253	1	314	
35	0.547838	2	138	236	
36	0.169415	1	138	
37	0.169415	1	236	
38	1.124205	1	23	
39	1.260083	3	258	245	388	
40	0.153965	1	258	
41	0.090306	2	245	388	
42	0.063659	1	245	
43	0.063659	1	388	
44	0.022490	37	257	113	278	137	339	330	392	76	300	246	57	337	170	331	351	238	348	234	165	304	185	111	129	228	21	307	305	61	371	139	193	316	70	60	377	132	159	
45	1.064761	18	257	113	278	137	339	330	392	76	300	246	57	337	170	331	351	238	348	234	
46	1.143091	3	257	113	278	
47	1.321127	1	257	
48	0.496880	2	113	278	
49	0.824247	1	113	
50	0.824247	1	278	
51	0.490705	15	137	339	330	392	76	300	246	57	337	170	331	351	238	348	234	
52	0.868458	4	137	339	330	392	
53	1.105055	1	137	
54	0.565498	3	339	330	392	
55	0.372389	2	339	330	
56	0.167168	1	339	
57	0.167168	1	330	
58	0.539557	1	392	
59	0.298192	11	76	300	246	57	337	170	331	351	238	348	234	
60	0.966907	3	76	300	246	
61	0.473356	2	76	300	
62	0.235057	1	76	
63	0.235057	1	300	
64	0.708413	1	246	
65	0.363489	8	57	337	170	331	351	238	348	234	
66	0.359385	5	57	337	170	331	351	
67	0.880515	3	57	337	170	
68	0.023914	2	57	337	
69	0.048018	1	57	
70	0.048018	1	337	
71	0.071932	1	170	
72	0.468127	2	331	351	
73	0.484319	1	331	
74	0.484319	1	351	
75	0.703566	3	238	348	234	
76	0.608266	1	238	
77	0.340045	2	348	234	
78	0.268221	1	348	
79	0.268221	1	234	
80	1.789681	19	165	304	185	111	129	228	21	307	305	61	371	139	193	316	70	60	377	132	159	
81	0.134531	13	165	304	185	111	129	228	21	307	305	61	371	139	193	
82	1.091219	3	165	304	185	
83	0.513547	1	165	
84	0.232561	2	304	185	
85	0.280986	1	304	
86	0.280986	1	185	
87	1.073349	10	111	129	228	21	307	305	61	371	139	193	
88	0.531417	1	111	
89	0.035226	9	129	228	21	307	305	61	371	139	193	
90	0.006811	8	129	228	21	307	305	61	371	139	
91	0.489379	1	129	
92	0.119027	7	228	21	307	305	61	371	139	
93	0.055458	5	228	21	307	305	61	
94	0.112987	2	228	21	
95	0.201907	1	228	
96	0.201907	1	21	
97	0.109396	3	307	305	61	
98	0.155023	2	307	305	
99	0.050476	1	307	
100	0.050476	1	305	
101	0.205498	1	61	
102	0.169396	2	371	139	
103	0.200956	1	371	
104	0.200956	1	139	
105	0.496191	1	193	
106	0.733131	6	316	70	60	377	132	159	
107	0.086153	4	316	70	60	377	
108	0.920013	1	316	
109	0.626584	3	70	60	377	
110	0.293429	1	70	
111	0.139476	2	60	377	
112	0.153954	1	60	
113	0.153954	1	377	
114	0.864739	2	132	159	
115	0.141427	1	132	
116	0.141427	1	159	
117	2.875793	23	378	115	35	146	13	145	340	295	394	85	281	44	368	387	203	99	229	106	209	343	292	125	109	
118	0.068189	19	378	115	35	146	13	145	340	295	394	85	281	44	368	387	203	99	229	106	209	
119	0.301386	3	378	115	35	
120	0.609293	2	378	115	
121	0.331333	1	378	
122	0.331333	1	115	
123	0.940626	1	35	
124	0.248629	16	146	13	145	340	295	394	85	281	44	368	387	203	99	229	106	209	
125	0.099272	10	146	13	145	340	295	394	85	281	44	368	
126	0.270867	4	146	13	145	340	
127	0.179199	2	146	13	
128	0.444044	1	146	
129	0.444044	1	13	
130	0.350400	2	145	340	
131	0.272844	1	145	
132	0.272844	1	340	
133	0.773624	6	295	394	85	281	44	368	
134	0.014774	3	295	394	85	
135	0.026162	2	295	394	
136	0.079551	1	295	
137	0.079551	1	394	
138	0.105713	1	85	
139	0.054644	3	281	44	368	
140	0.065843	1	281	
141	0.064477	2	44	368	
142	0.001366	1	44	
143	0.001366	1	368	
144	0.180499	6	387	203	99	229	106	209	
145	0.812883	1	387	
146	0.085947	5	203	99	229	106	209	
147	0.659885	2	203	99	
148	0.067052	1	203	
149	0.067052	1	99	
150	0.038987	3	229	106	209	
151	0.687950	1	229	
152	0.533994	2	106	209	
153	0.153956	1	106	
154	0.153956	1	209	
155	0.622632	4	343	292	125	109	
156	0.406732	2	343	292	
157	0.280837	1	343	
158	0.280837	1	292	
159	0.070615	2	125	109	
160	0.616953	1	125	
161	0.616953	1	109	
162	0.534373	171	53	255	181	84	200	389	78	328	202	176	356	72	104	135	390	58	153	83	80	283	25	69	100	126	175	306	56	93	86	312	375	303	55	102	262	318	263	380	43	230	256	171	108	206	110	333	366	382	155	42	367	259	158	22	51	363	90	332	49	294	222	253	128	160	325	204	317	399	103	276	369	195	91	54	169	250	64	321	346	241	96	199	352	88	157	194	354	163	218	73	225	97	299	249	5	63	226	149	119	147	268	353	6	130	186	221	174	232	3	187	0	233	210	335	47	178	350	15	291	26	320	274	277	311	177	46	309	288	79	273	302	280	370	357	211	133	107	243	254	167	182	391	297	123	271	269	359	29	376	143	131	201	374	248	127	8	112	240	395	18	270	184	326	24	134	272	208	296	136	327	265	
163	1.212902	107	53	255	181	84	200	389	78	328	202	176	356	72	104	135	390	58	153	83	80	283	25	69	100	126	175	306	56	93	86	312	375	303	55	102	262	318	263	380	43	230	256	171	108	206	110	333	366	382	155	42	367	259	158	22	51	363	90	332	49	294	222	253	128	160	325	204	317	399	103	276	369	195	91	54	169	250	64	321	346	241	96	199	352	88	157	194	354	163	218	73	225	97	299	249	5	63	226	149	119	147	268	353	6	130	186	221	174	
164	1.129400	26	53	255	181	84	200	389	78	328	202	176	356	72	104	135	390	58	153	83	80	283	25	69	100	126	175	306	
165	0.549350	11	53	255	181	84	200	389	78	328	202	176	356	
166	0.490496	7	53	255	181	84	200	389	78	
167	0.362542	4	53	255	181	84	
168	0.241642	2	53	255	
169	0.477455	1	53	
170	0.477455	1	255	
171	0.254748	2	181	84	
172	0.464349	1	181	
173	0.464349	1	84	
174	0.205839	3	200	389	78	
175	0.875799	1	200	
176	0.319931	2	389	78	
177	0.555869	1	389	
178	0.555869	1	78	
179	0.502170	4	328	202	176	356	
180	0.399143	2	328	202	
181	0.670822	1	328	
182	0.670822	1	202	
183	0.769385	2	176	356	
184	0.300579	1	176	
185	0.300579	1	356	
186	0.406542	15	72	104	135	390	58	153	83	80	283	25	69	100	126	175	306	
187	0.133505	13	72	104	135	390	58	153	83	80	283	25	69	100	126	
188	0.887451	6	72	104	135	390	58	153	
189	0.444071	4	72	104	135	390	
190	0.249915	1	72	
191	0.005960	3	104	135	390	
192	0.243955	1	104	
193	0.167797	2	135	390	
194	0.076158	1	135	
195	0.076158	1	390	
196	0.676125	2	58	153	
197	0.017861	1	58	
198	0.017861	1	153	
199	0.998876	7	83	80	283	25	69	100	126	
200	0.259492	2	83	80	
201	0.323069	1	83	
202	0.323069	1	80	
203	0.256026	5	283	25	69	100	126	
204	0.326535	1	283	
205	0.276967	4	25	69	100	126	
206	0.049568	1	25	
207	0.006869	3	69	100	126	
208	0.042699	1	69	
209	0.041884	2	100	126	
210	0.000814	1	100	
211	0.000814	1	126	
212	1.032240	2	175	306	
213	0.682703	1	175	
214	0.682703	1	306	
215	0.717679	81	56	93	86	312	375	303	55	102	262	318	263	380	43	230	256	171	108	206	110	333	366	382	155	42	367	259	158	22	51	363	90	332	49	294	222	253	128	160	325	204	317	399	103	276	369	195	91	54	169	250	64	321	346	241	96	199	352	88	157	194	354	163	218	73	225	97	299	249	5	63	226	149	119	147	268	353	6	130	186	221	174	
216	1.112517	3	56	93	86	
217	1.420688	1	56	
218	0.910579	2	93	86	
219	0.510109	1	93	
220	0.510109	1	86	
221	0.249461	78	312	375	303	55	102	262	318	263	380	43	230	256	171	108	206	110	333	366	382	155	42	367	259	158	22	51	363	90	332	49	294	222	253	128	160	325	204	317	399	103	276	369	195	91	54	169	250	64	321	346	241	96	199	352	88	157	194	354	163	218	73	225	97	299	249	5	63	226	149	119	147	268	353	6	130	186	221	174	
222	0.116151	49	312	375	303	55	102	262	318	263	380	43	230	256	171	108	206	110	333	366	382	155	42	367	259	158	22	51	363	90	332	49	294	222	253	128	160	325	204	317	399	103	276	369	195	91	54	169	250	64	321	
223	0.017688	21	312	375	303	55	102	262	318	263	380	43	230	256	171	108	206	110	333	366	382	155	42	
224	0.611059	8	312	375	303	55	102	262	318	263	
225	0.617255	4	312	375	303	55	
226	0.921593	1	312	
227	0.330722	3	375	303	55	
228	0.590871	1	375	
229	0.347015	2	303	55	
230	0.243855	1	303	
231	0.243855	1	55	
232	0.965057	4	102	262	318	263	
233	0.213772	3	102	262	318	
234	0.004278	2	102	262	
235	0.355741	1	102	
236	0.355741	1	262	
237	0.360018	1	318	
238	0.573790	1	263	
239	0.580136	13	380	43	230	256	171	108	206	110	333	366	382	155	42	
240	0.400734	9	380	43	230	256	171	108	206	110	333	
241	0.521642	3	380	43	230	
242	0.337037	2	380	43	
243	0.310357	1	380	
244	0.310357	1	43	
245	0.647394	1	230	
246	0.386157	6	256	171	108	206	110	333	
247	0.514264	4	256	171	108	206	
248	0.085374	2	256	171	
249	0.183242	1	256	
250	0.183242	1	171	
251	0.109612	2	108	206	
252	0.159003	1	108	
253	0.159003	1	206	
254	0.220707	2	110	333	
255	0.562173	1	110	
256	0.562173	1	333	
257	1.250663	4	366	382	155	42	
258	0.104644	3	366	382	155	
259	0.214463	1	366	
260	0.192557	2	382	155	
261	0.021906	1	382	
262	0.021906	1	155	
263	0.319107	1	42	
264	0.179361	28	367	259	158	22	51	363	90	332	49	294	222	253	128	160	325	204	317	399	103	276	369	195	91	54	169	250	64	321	
265	0.213151	16	367	259	158	22	51	363	90	332	49	294	222	253	128	160	325	204	
266	0.346863	10	367	259	158	22	51	363	90	332	49	294	
267	0.302434	7	367	259	158	22	51	363	90	
268	1.070569	2	367	259	
269	0.055216	1	367	
270	0.055216	1	259	
271	0.527213	5	158	22	51	363	90	
272	0.355260	2	158	22	
273	0.243311	1	158	
274	0.243311	1	22	
275	0.011727	3	51	363	90	
276	0.586844	1	51	
277	0.511907	2	363	90	
278	0.074937	1	363	
279	0.074937	1	90	
280	0.850346	3	332	49	294	
281	0.577873	1	332	
282	0.576128	2	49	294	
283	0.001745	1	49	
284	0.001745	1	294	
285	0.814673	6	222	253	128	160	325	204	
286	0.376112	3	222	253	128	
287	0.507182	2	222	253	
288	0.077114	1	222	
289	0.077114	1	253	
290	0.584296	1	128	
291	0.266871	3	160	325	204	
292	0.477412	2	160	325	
293	0.216126	1	160	
294	0.216126	1	325	
295	0.693538	1	204	
296	0.402112	12	317	399	103	276	369	195	91	54	169	250	64	321	
297	1.019084	4	317	399	103	276	
298	0.567036	1	317	
299	0.310933	3	399	103	276	
300	0.256103	1	399	
301	0.143272	2	103	276	
302	0.112831	1	103	
303	0.112831	1	276	
304	0.734674	8	369	195	91	54	169	250	64	321	
305	0.851446	1	369	
306	0.163790	7	195	91	54	169	250	64	321	
307	0.687657	1	195	
308	0.076297	6	91	54	169	250	64	321	
309	0.611359	1	91	
310	0.027663	5	54	169	250	64	321	
311	0.428914	4	54	169	250	64	
312	0.096216	2	54	169	
313	0.058565	1	54	
314	0.058565	1	169	
315	0.116664	2	250	64	
316	0.038117	1	250	
317	0.038117	1	64	
318	0.583696	1	321	
319	0.219544	29	346	241	96	199	352	88	157	194	354	163	218	73	225	97	299	249	5	63	226	149	119	147	268	353	6	130	186	221	174	
320	0.308574	27	346	241	96	199	352	88	157	194	354	163	218	73	225	97	299	249	5	63	226	149	119	147	268	353	6	130	186	
321	0.005900	17	346	241	96	199	352	88	157	194	354	163	218	73	225	97	299	249	5	
322	0.430382	11	346	241	96	199	352	88	157	194	354	163	218	
323	0.780982	4	346	241	96	199	
324	0.027402	3	346	241	96	
325	0.402382	2	346	241	
326	0.108579	1	346	
327	0.108579	1	241	
328	0.510961	1	96	
329	0.538363	1	199	
330	0.308137	7	352	88	157	194	354	163	218	
331	0.685657	3	352	88	157	
332	0.043098	2	352	88	
333	0.282452	1	352	
334	0.282452	1	88	
335	0.325550	1	157	
336	0.671881	4	194	354	163	218	
337	0.015115	3	194	354	163	
338	0.324212	1	194	
339	0.023880	2	354	163	
340	0.300331	1	354	
341	0.300331	1	163	
342	0.339326	1	218	
343	0.817615	6	73	225	97	299	249	5	
344	0.042081	4	73	225	97	299	
345	0.299822	3	73	225	97	
346	0.590209	1	73	
347	0.567372	2	225	97	
348	0.022837	1	225	
349	0.022837	1	97	
350	0.890031	1	299	
351	0.787348	2	249	5	
352	0.144764	1	249	
353	0.144764	1	5	
354	0.184965	10	63	226	149	119	147	268	353	6	130	186	
355	1.154089	2	63	226	
356	0.416573	1	63	
357	0.416573	1	226	
358	1.127817	8	149	119	147	268	353	6	130	186	
359	0.100344	3	149	119	147	
360	0.245315	2	149	119	
361	0.097185	1	149	
362	0.097185	1	119	
363	0.342501	1	147	
364	0.035231	5	268	353	6	130	186	
365	0.397453	2	268	353	
366	0.010159	1	268	
367	0.010159	1	353	
368	0.025534	3	6	130	186	
369	0.131659	2	6	130	
370	0.250420	1	6	
371	0.250420	1	130	
372	0.382079	1	186	
373	0.910490	2	221	174	
374	1.153711	1	221	
375	1.153711	1	174	
376	1.182379	64	232	3	187	0	233	210	335	47	178	350	15	291	26	320	274	277	311	177	46	309	288	79	273	302	280	370	357	211	133	107	243	254	167	182	391	297	123	271	269	359	29	376	143	131	201	374	248	127	8	112	240	395	18	270	184	326	24	134	272	208	296	136	327	265	
377	0.866721	19	232	3	187	0	233	210	335	47	178	350	15	291	26	320	274	277	311	177	46	
378	1.370891	7	232	3	187	0	233	210	335	
379	0.407216	6	232	3	187	0	233	210	
380	0.321818	5	232	3	187	0	233	
381	0.221026	2	232	3	
382	0.093737	1	232	
383	0.093737	1	3	
384	0.047828	3	187	0	233	
385	0.266934	1	187	
386	0.155984	2	0	233	
387	0.110951	1	0	
388	0.110951	1	233	
389	0.636580	1	210	
390	1.043796	1	335	
391	1.232240	12	47	178	350	15	291	26	320	274	277	311	177	46	
392	0.124370	11	47	178	350	15	291	26	320	274	277	311	177	
393	0.516400	7	47	178	350	15	291	26	320	
394	0.541676	1	47	
395	0.116316	6	178	350	15	291	26	320	
396	0.071768	4	178	350	15	291	
397	0.353593	1	178	
398	0.078033	3	350	15	291	
399	0.049327	2	350	15	
400	0.226233	1	350	
401	0.226233	1	15	
402	0.275560	1	291	
403	0.346238	2	26	320	
404	0.079123	1	26	
405	0.079123	1	320	
406	0.794386	4	274	277	311	177	
407	0.034113	2	274	277	
408	0.229576	1	274	
409	0.229576	1	277	
410	0.124523	2	311	177	
411	0.139167	1	311	
412	0.139167	1	177	
413	1.182447	1	46	
414	1.113095	45	309	288	79	273	302	280	370	357	211	133	107	243	254	167	182	391	297	123	271	269	359	29	376	143	131	201	374	248	127	8	112	240	395	18	270	184	326	24	134	272	208	296	136	327	265	
415	0.020537	26	309	288	79	273	302	280	370	357	211	133	107	243	254	167	182	391	297	123	271	269	359	29	376	143	131	201	
416	1.184850	9	309	288	79	273	302	280	370	357	211	
417	0.476318	6	309	288	79	273	302	280	
418	0.251605	5	309	288	79	273	302	
419	0.149253	2	309	288	
420	0.085748	1	309	
421	0.085748	1	288	
422	0.027526	3	79	273	302	
423	0.207476	1	79	
424	0.170358	2	273	302	
425	0.037118	1	273	
426	0.037118	1	302	
427	0.486606	1	280	
428	0.777411	3	370	357	211	
429	0.075139	2	370	357	
430	0.110374	1	370	
431	0.110374	1	357	
432	0.185513	1	211	
433	0.504956	17	133	107	243	254	167	182	391	297	123	271	269	359	29	376	143	131	201	
434	0.749277	15	133	107	243	254	167	182	391	297	123	271	269	359	29	376	143	
435	0.239132	13	133	107	243	254	167	182	391	297	123	271	269	359	29	
436	0.060950	8	133	107	243	254	167	182	391	297	
437	0.093876	4	133	107	243	254	
438	0.499583	1	133	
439	0.307754	3	107	243	254	
440	0.067494	2	107	243	
441	0.124335	1	107	
442	0.124335	1	243	
443	0.191829	1	254	
444	0.061230	4	167	182	391	297	
445	0.240576	3	167	182	391	
446	0.078469	2	167	182	
447	0.213184	1	167	
448	0.213184	1	182	
449	0.291653	1	391	
450	0.532229	1	297	
451	0.270077	5	123	271	269	359	29	
452	0.384332	1	123	
453	0.042720	4	271	269	359	29	
454	0.341612	1	271	
455	0.263815	3	269	359	29	
456	0.070599	2	269	359	
457	0.007198	1	269	
458	0.007198	1	359	
459	0.077797	1	29	
460	0.727072	2	376	143	
461	0.166470	1	376	
462	0.166470	1	143	
463	0.369605	2	131	201	
464	1.273214	1	131	
465	1.273214	1	201	
466	0.063173	19	374	248	127	8	112	240	395	18	270	184	326	24	134	272	208	296	136	327	265	
467	0.162507	17	374	248	127	8	112	240	395	18	270	184	326	24	134	272	208	296	136	
468	1.939042	2	374	248	
469	0.003590	1	374	
470	0.003590	1	248	
471	0.819414	15	127	8	112	240	395	18	270	184	326	24	134	272	208	296	136	
472	0.233628	11	127	8	112	240	395	18	270	184	326	24	134	
473	0.723183	2	127	8	
474	0.166406	1	127	
475	0.166406	1	8	
476	0.365839	9	112	240	395	18	270	184	326	24	134	
477	0.048656	4	112	240	395	18	
478	0.273047	3	112	240	395	
479	0.144789	2	112	240	
480	0.057258	1	112	
481	0.057258	1	240	
482	0.202047	1	395	
483	0.475094	1	18	
484	0.188820	5	270	184	326	24	134	
485	0.334930	1	270	
486	0.279102	4	184	326	24	134	
487	0.035308	2	184	326	
488	0.020519	1	184	
489	0.020519	1	326	
490	0.029322	2	24	134	
491	0.026506	1	24	
492	0.026506	1	134	
493	0.515996	4	272	208	296	136	
494	0.538287	3	272	208	296	
495	0.068934	1	272	
496	0.060784	2	208	296	
497	0.008150	1	208	
498	0.008150	1	296	
499	0.607221	1	136	
500	2.085272	2	327	265	
501	0.019866	1	327	
502	0.019866	1	265	
503	2.617714	53	198	77	212	365	308	162	347	372	2	355	383	189	161	260	344	34	168	267	71	94	322	286	214	105	68	360	223	27	122	114	38	98	9	205	216	334	19	289	301	341	275	329	66	298	144	74	150	65	219	62	75	124	379	
504	0.169666	41	198	77	212	365	308	162	347	372	2	355	383	189	161	260	344	34	168	267	71	94	322	286	214	105	68	360	223	27	122	114	38	98	9	205	216	334	19	289	301	341	275	
505	0.039414	40	198	77	212	365	308	162	347	372	2	355	383	189	161	260	344	34	168	267	71	94	322	286	214	105	68	360	223	27	122	114	38	98	9	205	216	334	19	289	301	341	
506	0.005174	25	198	77	212	365	308	162	347	372	2	355	383	189	161	260	344	34	168	267	71	94	322	286	214	105	68	
507	0.297638	24	198	77	212	365	308	162	347	372	2	355	383	189	161	260	344	34	168	267	71	94	322	286	214	105	
508	0.145969	19	198	77	212	365	308	162	347	372	2	355	383	189	161	260	344	34	168	267	71	
509	0.495045	18	198	77	212	365	308	162	347	372	2	355	383	189	161	260	344	34	168	267	
510	0.252229	12	198	77	212	365	308	162	347	372	2	355	383	189	
511	0.388526	7	198	77	212	365	308	162	347	
512	0.217949	3	198	77	212	
513	0.536344	1	198	
514	0.362237	2	77	212	
515	0.174107	1	77	
516	0.174107	1	212	
517	0.420221	4	365	308	162	347	
518	0.220124	2	365	308	
519	0.113948	1	365	
520	0.113948	1	308	
521	0.189029	2	162	347	
522	0.145043	1	162	
523	0.145043	1	347	
524	0.234336	5	372	2	355	383	189	
525	0.689026	2	372	2	
526	0.219457	1	372	
527	0.219457	1	2	
528	0.276274	3	355	383	189	
529	0.632208	1	355	
530	0.506317	2	383	189	
531	0.125892	1	383	
532	0.125892	1	189	
533	0.998640	6	161	260	344	34	168	267	
534	0.020384	5	161	260	344	34	168	
535	0.257602	2	161	260	
536	0.118423	1	161	
537	0.118423	1	260	
538	0.180888	3	344	34	168	
539	0.195137	1	344	
540	0.042293	2	34	168	
541	0.152844	1	34	
542	0.152844	1	168	
543	0.396409	1	267	
544	1.890093	1	71	
545	0.993512	5	94	322	286	214	105	
546	0.318842	4	94	322	286	214	
547	0.025768	2	94	322	
548	0.697940	1	94	
549	0.697940	1	322	
550	0.681720	2	286	214	
551	0.041987	1	286	
552	0.041987	1	214	
553	1.042550	1	105	
554	2.333700	1	68	
555	0.600100	15	360	223	27	122	114	38	98	9	205	216	334	19	289	301	341	
556	0.211647	8	360	223	27	122	114	38	98	9	
557	0.226057	7	360	223	27	122	114	38	98	
558	0.129856	5	360	223	27	122	114	
559	0.616234	3	360	223	27	
560	0.554978	1	360	
561	0.334326	2	223	27	
562	0.220653	1	223	
563	0.220653	1	27	
564	0.889730	2	122	114	
565	0.281482	1	122	
566	0.281482	1	114	
567	0.489516	2	38	98	
568	0.811553	1	38	
569	0.811553	1	98	
570	1.527126	1	9	
571	0.839341	7	205	216	334	19	289	301	341	
572	0.682797	3	205	216	334	
573	0.216634	1	205	
574	0.065004	2	216	334	
575	0.151631	1	216	
576	0.151631	1	334	
577	0.149742	4	19	289	301	341	
578	0.749689	1	19	
579	0.094286	3	289	301	341	
580	0.229144	2	289	301	
581	0.426259	1	289	
582	0.426259	1	301	
583	0.655403	1	341	
584	2.378287	1	275	
585	0.601049	12	329	66	298	144	74	150	65	219	62	75	124	379	
586	1.139872	8	329	66	298	144	74	150	65	219	
587	0.128242	6	329	66	298	144	74	150	
588	0.097868	5	329	66	298	144	74	
589	0.580922	1	329	
590	0.000504	4	66	298	144	74	
591	0.317736	2	66	298	
592	0.262682	1	66	
593	0.262682	1	298	
594	0.386712	2	144	74	
595	0.193706	1	144	
596	0.193706	1	74	
597	0.678791	1	150	
598	0.419103	2	65	219	
599	0.387929	1	65	
600	0.387929	1	219	
601	1.259651	4	62	75	124	379	
602	0.687253	1	62	
603	0.573242	3	75	124	379	
604	0.114012	1	75	
605	0.113848	2	124	379	
606	0.000164	1	124	
607	0.000164	1	379	
608	0.650444	96	342	40	164	239	1	358	180	81	237	215	183	148	188	396	213	45	11	37	120	152	290	20	231	398	48	36	89	39	67	293	235	313	179	385	261	82	338	207	310	52	30	14	364	252	319	31	384	247	92	17	87	101	349	12	95	16	154	227	196	266	140	324	336	166	32	373	33	7	217	397	282	4	284	362	251	41	191	315	244	117	192	10	323	264	173	279	190	28	381	287	361	59	116	345	285	142	
609	4.253778	8	342	40	164	239	1	358	180	81	
610	1.154555	1	342	
611	0.737968	7	40	164	239	1	358	180	81	
612	0.070026	5	40	164	239	1	358	
613	0.346562	1	40	
614	0.055136	4	164	239	1	358	
615	0.215008	3	164	239	1	
616	0.016779	2	164	239	
617	0.059639	1	164	
618	0.059639	1	239	
619	0.076417	1	1	
620	0.291426	1	358	
621	0.240238	2	180	81	
622	0.176350	1	180	
623	0.176350	1	81	
624	0.985995	88	237	215	183	148	188	396	213	45	11	37	120	152	290	20	231	398	48	36	89	39	67	293	235	313	179	385	261	82	338	207	310	52	30	14	364	252	319	31	384	247	92	17	87	101	349	12	95	16	154	227	196	266	140	324	336	166	32	373	33	7	217	397	282	4	284	362	251	41	191	315	244	117	192	10	323	264	173	279	190	28	381	287	361	59	116	345	285	142	
625	1.403527	59	237	215	183	148	188	396	213	45	11	37	120	152	290	20	231	398	48	36	89	39	67	293	235	313	179	385	261	82	338	207	310	52	30	14	364	252	319	31	384	247	92	17	87	101	349	12	95	16	154	227	196	266	140	324	336	166	32	373	33	
626	0.411362	31	237	215	183	148	188	396	213	45	11	37	120	152	290	20	231	398	48	36	89	39	67	293	235	313	179	385	261	82	338	207	310	
627	1.132747	14	237	215	183	148	188	396	213	45	11	37	120	152	290	20	
628	0.735899	6	237	215	183	148	188	396	
629	0.137265	5	237	215	183	148	188	
630	0.232016	3	237	215	183	
631	0.369523	1	237	
632	0.359333	2	215	183	
633	0.010190	1	215	
634	0.010190	1	183	
635	0.423929	2	148	188	
636	0.177610	1	148	
637	0.177610	1	188	
638	0.738803	1	396	
639	0.512741	8	213	45	11	37	120	152	290	20	
640	0.058391	7	213	45	11	37	120	152	290	
641	0.021720	6	213	45	11	37	120	152	
642	0.316342	4	213	45	11	37	
643	0.565508	1	213	
644	0.112507	3	45	11	37	
645	0.394237	2	45	11	
646	0.058764	1	45	
647	0.058764	1	11	
648	0.453001	1	37	
649	0.852226	2	120	152	
650	0.029624	1	120	
651	0.029624	1	152	
652	0.903570	1	290	
653	0.961961	1	20	
654	0.438071	17	231	398	48	36	89	39	67	293	235	313	179	385	261	82	338	207	310	
655	0.146466	14	231	398	48	36	89	39	67	293	235	313	179	385	261	82	
656	1.898351	2	231	398	
657	0.124561	1	231	
658	0.124561	1	398	
659	0.801852	12	48	36	89	39	67	293	235	313	179	385	261	82	
660	0.644530	8	48	36	89	39	67	293	235	313	
661	0.101926	7	48	36	89	39	67	293	235	
662	0.154218	6	48	36	89	39	67	293	
663	0.320385	1	48	
664	0.219433	5	36	89	39	67	293	
665	0.011831	4	36	89	39	67	
666	0.089122	1	36	
667	0.006196	3	89	39	67	
668	0.082926	1	89	
669	0.069815	2	39	67	
670	0.013111	1	39	
671	0.013111	1	67	
672	0.100953	1	293	
673	0.474604	1	235	
674	0.576530	1	313	
675	0.167310	4	179	385	261	82	
676	0.306726	3	179	385	261	
677	0.747024	1	179	
678	0.288021	2	385	261	
679	0.459002	1	385	
680	0.459002	1	261	
681	1.053750	1	82	
682	1.830669	3	338	207	310	
683	0.016348	2	338	207	
684	0.322361	1	338	
685	0.322361	1	207	
686	0.338709	1	310	
687	1.266502	28	52	30	14	364	252	319	31	384	247	92	17	87	101	349	12	95	16	154	227	196	266	140	324	336	166	32	373	33	
688	0.215677	24	52	30	14	364	252	319	31	384	247	92	17	87	101	349	12	95	16	154	227	196	266	140	324	336	
689	0.338883	3	52	30	14	
690	1.197748	1	52	
691	0.024387	2	30	14	
692	1.173362	1	30	
693	1.173362	1	14	
694	0.011449	21	364	252	319	31	384	247	92	17	87	101	349	12	95	16	154	227	196	266	140	324	336	
695	0.338440	14	364	252	319	31	384	247	92	17	87	101	349	12	95	16	
696	0.140003	3	364	252	319	
697	1.046739	1	364	
698	0.965882	2	252	319	
699	0.080856	1	252	
700	0.080856	1	319	
701	0.459094	11	31	384	247	92	17	87	101	349	12	95	16	
702	0.107495	8	31	384	247	92	17	87	101	349	
703	0.620153	1	31	
704	0.141060	7	384	247	92	17	87	101	349	
705	0.018690	6	384	247	92	17	87	101	
706	0.280923	4	384	247	92	17	
707	0.055688	2	384	247	
708	0.123792	1	384	
709	0.123792	1	247	
710	0.108009	2	92	17	
711	0.071471	1	92	
712	0.071471	1	17	
713	0.448912	2	87	101	
714	0.011492	1	87	
715	0.011492	1	101	
716	0.479094	1	349	
717	0.311901	3	12	95	16	
718	0.270212	2	12	95	
719	0.145536	1	12	
720	0.145536	1	95	
721	0.415748	1	16	
722	0.568451	7	154	227	196	266	140	324	336	
723	0.148178	4	154	227	196	266	
724	0.808553	1	154	
725	0.042560	3	227	196	266	
726	0.765993	1	227	
727	0.401218	2	196	266	
728	0.364775	1	196	
729	0.364775	1	266	
730	0.283912	3	140	324	336	
731	0.672818	1	140	
732	0.671986	2	324	336	
733	0.000833	1	324	
734	0.000833	1	336	
735	0.910492	4	166	32	373	33	
736	0.841817	1	166	
737	0.687189	3	32	373	33	
738	0.014379	2	32	373	
739	0.140249	1	32	
740	0.140249	1	373	
741	0.154628	1	33	
742	1.022246	29	7	217	397	282	4	284	362	251	41	191	315	244	117	192	10	323	264	173	279	190	28	381	287	361	59	116	345	285	142	
743	1.862661	22	7	217	397	282	4	284	362	251	41	191	315	244	117	192	10	323	264	173	279	190	28	381	
744	0.237080	16	7	217	397	282	4	284	362	251	41	191	315	244	117	192	10	323	
745	0.460194	13	7	217	397	282	4	284	362	251	41	191	315	244	117	
746	0.265538	10	7	217	397	282	4	284	362	251	41	191	
747	0.205575	9	7	217	397	282	4	284	362	251	41	
748	0.069074	3	7	217	397	
749	0.099206	2	7	217	
750	0.200763	1	7	
751	0.200763	1	217	
752	0.299969	1	397	
753	0.093553	6	282	4	284	362	251	41	
754	0.136541	3	282	4	284	
755	0.002739	2	282	4	
756	0.136210	1	282	
757	0.136210	1	4	
758	0.138949	1	284	
759	0.131514	3	362	251	41	
760	0.143977	1	362	
761	0.018821	2	251	41	
762	0.125156	1	251	
763	0.125156	1	41	
764	0.574618	1	191	
765	0.551935	3	315	244	117	
766	0.288221	1	315	
767	0.275825	2	244	117	
768	0.012396	1	244	
769	0.012396	1	117	
770	0.048102	3	192	10	323	
771	1.074646	2	192	10	
772	0.177603	1	192	
773	0.177603	1	10	
774	1.252249	1	323	
775	0.926630	6	264	173	279	190	28	381	
776	0.610801	1	264	
777	0.076727	5	173	279	190	28	381	
778	0.270756	4	173	279	190	28	
779	0.021386	3	173	279	190	
780	0.241932	1	173	
781	0.187991	2	279	190	
782	0.053941	1	279	
783	0.053941	1	190	
784	0.263317	1	28	
785	0.534074	1	381	
786	2.415997	7	287	361	59	116	345	285	142	
787	0.335072	4	287	361	59	116	
788	0.594385	3	287	361	59	
789	0.054638	1	287	
790	0.050641	2	361	59	
791	0.003997	1	361	
792	0.003997	1	59	
793	0.649023	1	116	
794	0.779887	3	345	285	142	
795	0.204207	1	345	
796	0.065078	2	285	142	
797	0.139129	1	285	
798	0.139129	1	142	
It	Lh	Lh + Prior	No Pram	Alpha	Sigma^2	Alpha Scale Prior	Node ID	Scaler	Creat It	Node / Branch	
4000	-570.570230	-650.310533	25	0.761168	0.930340	1.100000	3	8.222638	901	Node	45	7.258509	384	Branch	695	15.469744	2280	Branch	659	17.580972	1306	Branch	571	2.735216	3945	Branch	188	1.701992	1731	Branch	146	3.674281	3283	Node	642	7.567957	1181	Branch	445	12.231164	3722	Node	324	0.152625	1056	Node	332	1.594176	3158	Branch	325	14.342308	3329	Branch	229	4.610550	2562	Branch	120	21.564468	341	Node	204	3.643191	574	Branch	161	0.937650	154	Branch	12	18.144696	4	Branch	789	6.703220	2460	Branch	619	23.160475	2629	Branch	236	2.033312	2864	Branch	327	12.205030	2674	Branch	795	1.001107	1838	Branch	677	1.027419	307	Branch	138	4.424669	3671	Branch	74	1.563937	3747	Branch	
5000	-577.475841	-665.040656	28	1.490818	1.092618	1.100000	3	9.346999	901	Node	44	7.185647	384	Branch	117	0.486689	4873	Branch	555	6.509789	4333	Branch	695	20.534749	2280	Branch	660	18.385285	1306	Branch	786	6.151318	4653	Branch	144	0.188693	4931	Branch	577	13.678042	4991	Branch	590	3.356826	4555	Node	189	1.190889	1731	Branch	644	8.380106	1181	Branch	770	0.062689	4565	Branch	324	1.876953	1056	Node	572	5.619825	3945	Branch	332	4.475168	3158	Branch	325	12.694543	3329	Branch	159	1.990968	154	Branch	381	1.943019	4207	Branch	120	21.065673	341	Node	789	12.279789	2460	Branch	74	4.334917	3747	Branch	138	8.590201	4869	Branch	795	0.117845	1838	Branch	677	1.246097	307	Branch	236	5.541066	2864	Branch	231	7.608622	2562	Branch	327	10.516795	2674	Branch	
6000	-577.359567	-661.630559	28	1.740597	1.243145	1.100000	3	9.602294	901	Node	118	0.137394	4873	Branch	7	1.283714	5397	Branch	555	4.125112	4333	Branch	695	17.447309	2280	Branch	354	3.977990	5226	Branch	125	7.734210	5080	Branch	571	4.213749	3945	Branch	612	11.694628	5298	Branch	787	6.911724	4653	Branch	770	2.955181	4565	Branch	676	9.179291	5084	Branch	324	0.320612	1056	Node	644	2.838780	1181	Branch	410	3.521926	5598	Branch	102	2.102921	5301	Branch	159	4.104220	154	Branch	325	14.468387	3329	Branch	74	8.837983	3747	Branch	334	6.763494	3158	Branch	795	0.609148	1838	Branch	138	15.203065	4869	Branch	769	1.542517	5289	Branch	236	8.856261	2864	Branch	231	4.142965	2562	Branch	677	3.248574	307	Branch	789	4.952367	2460	Branch	145	1.411571	4931	Branch	
7000	-570.842402	-669.286311	33	0.454674	0.946180	1.100000	3	11.392905	901	Node	4	0.219366	5397	Branch	118	3.642775	4873	Branch	744	2.281058	4565	Branch	555	2.929733	4333	Branch	695	20.405356	2280	Branch	125	14.770025	5080	Branch	358	2.550062	5226	Branch	571	3.449748	3945	Branch	144	2.828497	4931	Branch	285	0.033615	6039	Branch	787	6.389158	4653	Branch	324	13.158217	3329	Branch	676	3.224757	307	Branch	150	4.608498	6355	Node	324	0.813723	1056	Node	119	5.249255	6419	Node	790	3.074669	2460	Branch	102	1.315447	5301	Branch	242	0.071446	6349	Node	332	2.952989	3158	Branch	234	7.317105	2864	Branch	429	2.506136	6830	Branch	410	6.343100	5598	Branch	61	7.023269	6241	Branch	620	10.746480	5298	Branch	769	5.588095	5289	Branch	160	10.688232	154	Branch	795	4.311980	1838	Branch	405	7.885503	6268	Branch	138	7.933412	4869	Branch	469	3.659959	6048	Branch	646	2.136248	1181	Branch	
8000	-575.268332	-678.680290	34	0.705143	0.908337	1.100000	3	13.955493	901	Node	4	1.179370	5397	Branch	505	13.340482	4333	Branch	695	15.905574	2280	Branch	125	0.120585	5080	Branch	358	0.672920	5226	Branch	436	1.289622	7322	Node	8	0.731828	7752	Node	146	16.712158	4931	Branch	18	2.392120	7024	Node	324	0.204003	3329	Branch	150	2.424420	6355	Node	119	12.555206	6419	Node	119	1.156095	4873	Branch	676	0.437942	307	Branch	403	3.774551	6268	Branch	234	22.000126	2864	Branch	292	0.278710	6039	Branch	429	3.258781	6830	Branch	468	9.750266	6048	Branch	61	10.543281	6241	Branch	102	1.637459	5301	Branch	332	8.950395	3158	Branch	242	0.071446	6349	Node	767	8.014235	5289	Branch	325	11.985882	1056	Node	647	6.966055	1181	Branch	160	1.910594	154	Branch	793	1.354140	4653	Branch	795	3.892979	1838	Branch	791	3.378250	2460	Branch	138	2.397404	4869	Branch	620	10.859434	5298	Branch	412	10.263625	5598	Branch	
9000	-577.738610	-694.502449	38	2.119674	0.992077	1.100000	2	7.844064	5397	Branch	3	13.955493	901	Node	504	9.422741	4333	Branch	118	8.044365	4873	Branch	695	13.068084	2280	Branch	8	2.797112	7752	Node	436	1.289622	7322	Node	702	1.351212	8477	Node	146	0.549719	4931	Branch	203	0.371398	8060	Branch	364	6.343139	5226	Branch	126	1.267898	5080	Branch	324	10.335164	3329	Branch	428	2.495366	6830	Branch	324	1.573065	1056	Node	528	0.749521	8527	Node	794	4.404333	1838	Branch	676	0.628496	307	Branch	120	10.121905	6419	Node	61	16.100161	6241	Branch	403	7.304389	6268	Branch	180	0.823441	8599	Node	468	4.084652	6048	Branch	767	6.297822	5289	Branch	645	6.661784	1181	Branch	292	7.425446	6039	Branch	332	12.189818	3158	Branch	242	0.071446	6349	Node	159	10.193348	154	Branch	410	7.857480	8079	Branch	620	0.624772	5298	Branch	412	11.714687	5598	Branch	307	5.037273	8037	Branch	793	1.534445	4653	Branch	236	26.547856	2864	Branch	270	11.737589	8548	Branch	791	15.198313	2460	Branch	602	0.415330	8103	Branch	
10000	-574.214230	-690.576052	39	1.261802	1.010085	1.100000	2	6.732283	5397	Branch	3	11.302749	901	Node	504	4.006157	4333	Branch	124	13.151521	4873	Branch	695	15.948605	2280	Branch	125	0.035226	5080	Branch	704	4.814751	8477	Node	133	3.591949	9216	Branch	146	6.026598	4931	Branch	203	5.256546	8060	Branch	545	1.677140	9264	Branch	444	2.476377	7322	Node	179	0.823441	8599	Node	324	3.081938	3329	Branch	18	2.507258	7752	Node	331	0.684286	3158	Branch	676	1.178797	307	Branch	428	2.798751	6830	Branch	579	1.147672	9310	Branch	268	8.897134	8548	Branch	410	1.253048	5598	Branch	120	2.846876	9907	Node	530	0.749521	8527	Node	234	29.961172	2864	Branch	407	5.932355	8079	Branch	61	0.168741	6241	Branch	468	6.914274	6048	Branch	767	18.296571	5289	Branch	796	4.404333	1838	Branch	41	0.173212	9835	Branch	161	8.673150	154	Branch	566	5.943675	9974	Branch	294	7.741575	6039	Branch	620	8.128056	5298	Branch	602	0.415330	8103	Branch	405	0.845142	6268	Branch	201	8.301410	9862	Branch	793	4.991825	4653	Branch	307	4.811693	8037	Branch	
