10
0	t9
1	t4
2	t6
3	t7
4	t1
5	t10
6	t8
7	t5
8	t3
9	t2
19
0	0.107125	10	0	6	5	1	2	4	3	8	9	7	
1	2.234823	3	0	6	5	
2	0.139869	2	0	6	
3	0.015816	1	0	
4	0.015816	1	6	
5	0.155685	1	5	
6	1.418025	7	1	2	4	3	8	9	7	
7	0.059483	5	1	2	4	3	8	
8	0.268421	4	1	2	4	3	
9	0.123110	3	1	2	4	
10	0.265125	2	1	2	
11	0.256344	1	1	
12	0.256344	1	2	
13	0.521469	1	4	
14	0.644579	1	3	
15	0.913000	1	8	
16	0.475531	2	9	7	
17	0.496952	1	9	
18	0.496952	1	7	
It	Lh	Lh + Prior	No Pram	Alpha	Sigma^2	Alpha Scale Prior	Node ID	Scaler	Creat It	Node / Branch	
4000	-11.554393	-16.454662	1	0.469566	1.289461	1.100000	12	2.469494	3971	Branch	
5000	-13.129501	-15.513948	0	1.468674	1.986515	1.100000	
6000	-11.895946	-13.954700	0	1.379516	1.044711	1.100000	
7000	-11.698604	-13.739954	0	1.276572	0.872064	1.100000	
8000	-12.052008	-17.510805	1	0.443018	1.620332	1.100000	10	7.873066	7785	Branch	
9000	-11.967638	-16.864157	1	1.315445	0.808550	1.100000	8	5.151429	8929	Branch	
10000	-12.541181	-17.382625	1	0.728832	1.768948	1.100000	18	1.646022	9960	Branch	
