10
0	t9
1	t4
2	t6
3	t7
4	t1
5	t10
6	t8
7	t5
8	t3
9	t2
19
0	0.107125	10	0	6	5	1	2	4	3	8	9	7	
1	2.234823	3	0	6	5	
2	0.139869	2	0	6	
3	0.015816	1	0	
4	0.015816	1	6	
5	0.155685	1	5	
6	1.418025	7	1	2	4	3	8	9	7	
7	0.059483	5	1	2	4	3	8	
8	0.268421	4	1	2	4	3	
9	0.123110	3	1	2	4	
10	0.265125	2	1	2	
11	0.256344	1	1	
12	0.256344	1	2	
13	0.521469	1	4	
14	0.644579	1	3	
15	0.913000	1	8	
16	0.475531	2	9	7	
17	0.496952	1	9	
18	0.496952	1	7	
It	Lh	Lh + Prior	No Pram	Alpha	Sigma^2	Alpha Scale Prior	Node ID	Scaler	Creat It	Node / Branch	
4000	-13.541053	-18.689654	1	1.592477	1.765682	1.100000	11	5.028004	3499	Branch	
5000	-11.324073	-16.194827	1	0.431562	1.109037	1.100000	4	0.611546	4803	Branch	
6000	-12.132070	-22.137386	3	1.087878	0.895034	1.100000	6	0.355818	5926	Branch	13	4.504867	5957	Branch	14	1.453085	5876	Branch	
7000	-16.537321	-26.579195	2	0.427495	5.250412	1.100000	15	1.226526	6867	Branch	5	1.322001	6866	Branch	
8000	-13.625650	-18.865876	1	0.698298	2.508627	1.100000	2	1.543829	7982	Branch	
9000	-13.325700	-26.664622	4	0.732461	0.486453	1.100000	7	6.314498	8948	Node	1	5.338882	8982	Node	5	2.720142	8755	Branch	4	0.227924	8997	Branch	
10000	-11.598341	-19.585817	2	1.407047	1.122758	1.100000	7	6.044916	9900	Branch	10	7.221468	9934	Branch	
