400
0	t38
1	t66
2	t188
3	t70
4	t23
5	t383
6	t82
7	t67
8	t172
9	t104
10	t235
11	t156
12	t277
13	t170
14	t262
15	t50
16	t199
17	t8
18	t309
19	t380
20	t388
21	t169
22	t289
23	t43
24	t234
25	t375
26	t153
27	t161
28	t257
29	t237
30	t94
31	t301
32	t333
33	t192
34	t299
35	t135
36	t109
37	t286
38	t80
39	t113
40	t37
41	t119
42	t314
43	t159
44	t396
45	t371
46	t321
47	t263
48	t253
49	t97
50	t293
51	t330
52	t162
53	t311
54	t93
55	t177
56	t307
57	t157
58	t243
59	t387
60	t366
61	t398
62	t386
63	t348
64	t292
65	t118
66	t306
67	t110
68	t267
69	t362
70	t339
71	t152
72	t88
73	t193
74	t146
75	t268
76	t62
77	t189
78	t7
79	t354
80	t41
81	t78
82	t290
83	t191
84	t285
85	t376
86	t264
87	t392
88	t120
89	t17
90	t69
91	t197
92	t209
93	t125
94	t320
95	t370
96	t182
97	t250
98	t343
99	t45
100	t361
101	t141
102	t344
103	t378
104	t186
105	t212
106	t353
107	t52
108	t13
109	t81
110	t297
111	t261
112	t87
113	t350
114	t349
115	t145
116	t228
117	t211
118	t279
119	t137
120	t225
121	t258
122	t360
123	t291
124	t373
125	t31
126	t242
127	t72
128	t296
129	t57
130	t284
131	t27
132	t400
133	t18
134	t393
135	t216
136	t184
137	t304
138	t175
139	t92
140	t85
141	t302
142	t205
143	t295
144	t167
145	t231
146	t269
147	t337
148	t75
149	t24
150	t382
151	t334
152	t96
153	t271
154	t384
155	t326
156	t107
157	t133
158	t129
159	t265
160	t34
161	t233
162	t178
163	t325
164	t276
165	t300
166	t47
167	t155
168	t280
169	t359
170	t218
171	t12
172	t342
173	t63
174	t251
175	t232
176	t121
177	t390
178	t203
179	t123
180	t322
181	t3
182	t239
183	t273
184	t151
185	t249
186	t58
187	t313
188	t77
189	t222
190	t230
191	t367
192	t176
193	t114
194	t201
195	t224
196	t318
197	t144
198	t281
199	t364
200	t132
201	t389
202	t108
203	t16
204	t345
205	t150
206	t48
207	t33
208	t355
209	t103
210	t149
211	t6
212	t15
213	t102
214	t312
215	t39
216	t83
217	t395
218	t148
219	t317
220	t179
221	t154
222	t19
223	t124
224	t308
225	t365
226	t51
227	t358
228	t91
229	t40
230	t195
231	t327
232	t190
233	t160
234	t206
235	t303
236	t105
237	t139
238	t84
239	t215
240	t59
241	t111
242	t76
243	t194
244	t259
245	t283
246	t294
247	t116
248	t130
249	t54
250	t282
251	t305
252	t214
253	t131
254	t9
255	t331
256	t241
257	t174
258	t100
259	t166
260	t112
261	t86
262	t196
263	t42
264	t229
265	t143
266	t5
267	t227
268	t246
269	t275
270	t377
271	t391
272	t213
273	t28
274	t122
275	t298
276	t351
277	t208
278	t115
279	t202
280	t217
281	t134
282	t346
283	t44
284	t204
285	t30
286	t341
287	t147
288	t74
289	t53
290	t328
291	t316
292	t310
293	t138
294	t278
295	t136
296	t394
297	t240
298	t11
299	t181
300	t338
301	t22
302	t142
303	t46
304	t336
305	t65
306	t372
307	t368
308	t397
309	t323
310	t89
311	t220
312	t158
313	t272
314	t36
315	t223
316	t274
317	t244
318	t369
319	t164
320	t381
321	t35
322	t245
323	t32
324	t29
325	t79
326	t332
327	t171
328	t73
329	t126
330	t187
331	t71
332	t236
333	t140
334	t288
335	t219
336	t247
337	t347
338	t26
339	t254
340	t49
341	t180
342	t25
343	t385
344	t200
345	t287
346	t256
347	t1
348	t399
349	t95
350	t101
351	t319
352	t248
353	t98
354	t127
355	t128
356	t340
357	t352
358	t238
359	t329
360	t117
361	t173
362	t183
363	t356
364	t55
365	t198
366	t260
367	t315
368	t252
369	t4
370	t61
371	t14
372	t335
373	t357
374	t10
375	t56
376	t210
377	t363
378	t106
379	t60
380	t270
381	t255
382	t226
383	t21
384	t221
385	t20
386	t68
387	t168
388	t207
389	t64
390	t165
391	t324
392	t266
393	t2
394	t163
395	t374
396	t379
397	t90
398	t185
399	t99
799
0	0.442875	400	82	344	293	317	65	55	380	43	391	15	276	377	289	243	75	161	221	86	49	319	223	143	283	72	399	306	25	398	356	97	353	369	300	215	343	21	125	378	13	88	48	177	109	20	338	228	291	10	163	153	218	189	117	114	172	200	350	383	123	204	39	173	40	388	115	96	194	57	339	59	111	275	140	330	34	64	314	336	47	396	385	236	310	38	301	213	78	124	370	267	394	134	178	335	235	326	205	100	323	154	379	265	138	340	58	2	395	348	188	222	101	91	309	61	152	183	168	280	112	255	80	17	393	42	386	345	74	263	160	6	90	358	99	54	366	46	45	251	164	237	26	185	197	337	176	257	4	315	281	252	0	392	285	70	62	93	92	260	307	37	331	29	376	371	209	129	186	308	238	296	9	41	199	321	262	206	232	76	287	254	31	120	36	119	284	365	130	302	389	196	3	198	250	247	246	162	150	390	142	244	286	104	165	116	279	355	234	195	84	382	360	83	8	248	207	387	167	180	249	305	384	201	105	190	131	216	217	145	381	79	30	77	191	16	179	342	316	56	60	230	373	169	174	103	156	52	258	354	27	212	271	229	361	7	128	239	155	113	141	32	270	304	311	171	261	242	374	132	224	240	367	81	318	73	181	69	268	24	266	127	322	102	67	297	87	227	351	50	159	327	182	349	193	136	18	269	89	121	12	375	19	11	170	94	332	187	110	98	288	151	272	135	259	368	122	352	211	44	245	139	290	106	1	333	299	282	328	108	68	231	51	303	219	274	107	334	14	226	214	133	320	341	312	22	346	118	85	147	63	273	363	225	347	5	253	372	264	295	210	95	357	359	292	33	149	233	35	278	298	208	148	126	71	23	241	28	256	362	146	144	137	277	203	175	53	294	202	184	66	397	329	220	157	364	313	158	192	166	324	325	
1	0.479717	247	82	344	293	317	65	55	380	43	391	15	276	377	289	243	75	161	221	86	49	319	223	143	283	72	399	306	25	398	356	97	353	369	300	215	343	21	125	378	13	88	48	177	109	20	338	228	291	10	163	153	218	189	117	114	172	200	350	383	123	204	39	173	40	388	115	96	194	57	339	59	111	275	140	330	34	64	314	336	47	396	385	236	310	38	301	213	78	124	370	267	394	134	178	335	235	326	205	100	323	154	379	265	138	340	58	2	395	348	188	222	101	91	309	61	152	183	168	280	112	255	80	17	393	42	386	345	74	263	160	6	90	358	99	54	366	46	45	251	164	237	26	185	197	337	176	257	4	315	281	252	0	392	285	70	62	93	92	260	307	37	331	29	376	371	209	129	186	308	238	296	9	41	199	321	262	206	232	76	287	254	31	120	36	119	284	365	130	302	389	196	3	198	250	247	246	162	150	390	142	244	286	104	165	116	279	355	234	195	84	382	360	83	8	248	207	387	167	180	249	305	384	201	105	190	131	216	217	145	381	79	30	77	191	16	179	342	316	56	60	230	373	169	174	103	156	52	258	
2	0.780122	23	82	344	293	317	65	55	380	43	391	15	276	377	289	243	75	161	221	86	49	319	223	143	283	
3	0.838486	15	82	344	293	317	65	55	380	43	391	15	276	377	289	243	75	
4	1.852066	7	82	344	293	317	65	55	380	
5	0.303755	4	82	344	293	317	
6	0.885921	1	82	
7	0.627170	3	344	293	317	
8	0.252967	2	344	293	
9	0.005785	1	344	
10	0.005785	1	293	
11	0.258751	1	317	
12	1.090750	3	65	55	380	
13	0.097900	2	65	55	
14	0.001025	1	65	
15	0.001025	1	55	
16	0.098926	1	380	
17	1.029372	8	43	391	15	276	377	289	243	75	
18	1.401804	3	43	391	15	
19	0.168914	2	43	391	
20	0.441652	1	43	
21	0.441652	1	391	
22	0.610567	1	15	
23	1.582323	5	276	377	289	243	75	
24	0.430047	1	276	
25	0.089783	4	377	289	243	75	
26	0.315668	3	377	289	243	
27	0.006069	2	377	289	
28	0.018527	1	377	
29	0.018527	1	289	
30	0.024596	1	243	
31	0.340264	1	75	
32	2.706492	8	161	221	86	49	319	223	143	283	
33	1.173736	1	161	
34	0.500294	7	221	86	49	319	223	143	283	
35	0.437698	2	221	86	
36	0.235745	1	221	
37	0.235745	1	86	
38	0.065114	5	49	319	223	143	283	
39	0.434178	2	49	319	
40	0.174150	1	49	
41	0.174150	1	319	
42	0.491997	3	223	143	283	
43	0.105417	2	223	143	
44	0.010914	1	223	
45	0.010914	1	143	
46	0.116331	1	283	
47	1.346960	224	72	399	306	25	398	356	97	353	369	300	215	343	21	125	378	13	88	48	177	109	20	338	228	291	10	163	153	218	189	117	114	172	200	350	383	123	204	39	173	40	388	115	96	194	57	339	59	111	275	140	330	34	64	314	336	47	396	385	236	310	38	301	213	78	124	370	267	394	134	178	335	235	326	205	100	323	154	379	265	138	340	58	2	395	348	188	222	101	91	309	61	152	183	168	280	112	255	80	17	393	42	386	345	74	263	160	6	90	358	99	54	366	46	45	251	164	237	26	185	197	337	176	257	4	315	281	252	0	392	285	70	62	93	92	260	307	37	331	29	376	371	209	129	186	308	238	296	9	41	199	321	262	206	232	76	287	254	31	120	36	119	284	365	130	302	389	196	3	198	250	247	246	162	150	390	142	244	286	104	165	116	279	355	234	195	84	382	360	83	8	248	207	387	167	180	249	305	384	201	105	190	131	216	217	145	381	79	30	77	191	16	179	342	316	56	60	230	373	169	174	103	156	52	258	
48	0.427972	10	72	399	306	25	398	356	97	353	369	300	
49	2.885417	1	72	
50	2.042977	9	399	306	25	398	356	97	353	369	300	
51	0.692993	4	399	306	25	398	
52	0.149447	1	399	
53	0.019906	3	306	25	398	
54	0.005856	2	306	25	
55	0.123686	1	306	
56	0.123686	1	25	
57	0.129541	1	398	
58	0.590357	5	356	97	353	369	300	
59	0.048456	2	356	97	
60	0.203627	1	356	
61	0.203627	1	97	
62	0.106131	3	353	369	300	
63	0.025074	2	353	369	
64	0.120879	1	353	
65	0.120879	1	369	
66	0.145952	1	300	
67	0.112574	214	215	343	21	125	378	13	88	48	177	109	20	338	228	291	10	163	153	218	189	117	114	172	200	350	383	123	204	39	173	40	388	115	96	194	57	339	59	111	275	140	330	34	64	314	336	47	396	385	236	310	38	301	213	78	124	370	267	394	134	178	335	235	326	205	100	323	154	379	265	138	340	58	2	395	348	188	222	101	91	309	61	152	183	168	280	112	255	80	17	393	42	386	345	74	263	160	6	90	358	99	54	366	46	45	251	164	237	26	185	197	337	176	257	4	315	281	252	0	392	285	70	62	93	92	260	307	37	331	29	376	371	209	129	186	308	238	296	9	41	199	321	262	206	232	76	287	254	31	120	36	119	284	365	130	302	389	196	3	198	250	247	246	162	150	390	142	244	286	104	165	116	279	355	234	195	84	382	360	83	8	248	207	387	167	180	249	305	384	201	105	190	131	216	217	145	381	79	30	77	191	16	179	342	316	56	60	230	373	169	174	103	156	52	258	
68	0.058260	83	215	343	21	125	378	13	88	48	177	109	20	338	228	291	10	163	153	218	189	117	114	172	200	350	383	123	204	39	173	40	388	115	96	194	57	339	59	111	275	140	330	34	64	314	336	47	396	385	236	310	38	301	213	78	124	370	267	394	134	178	335	235	326	205	100	323	154	379	265	138	340	58	2	395	348	188	222	101	91	309	61	152	183	
69	0.084057	49	215	343	21	125	378	13	88	48	177	109	20	338	228	291	10	163	153	218	189	117	114	172	200	350	383	123	204	39	173	40	388	115	96	194	57	339	59	111	275	140	330	34	64	314	336	47	396	385	236	
70	0.485744	30	215	343	21	125	378	13	88	48	177	109	20	338	228	291	10	163	153	218	189	117	114	172	200	350	383	123	204	39	173	40	
71	1.368018	4	215	343	21	125	
72	0.767151	3	215	343	21	
73	0.437586	1	215	
74	0.357954	2	343	21	
75	0.079632	1	343	
76	0.079632	1	21	
77	1.204737	1	125	
78	0.493728	26	378	13	88	48	177	109	20	338	228	291	10	163	153	218	189	117	114	172	200	350	383	123	204	39	173	40	
79	0.009146	17	378	13	88	48	177	109	20	338	228	291	10	163	153	218	189	117	114	
80	0.265370	15	378	13	88	48	177	109	20	338	228	291	10	163	153	218	189	
81	0.211759	8	378	13	88	48	177	109	20	338	
82	0.716659	7	378	13	88	48	177	109	20	
83	0.418194	6	378	13	88	48	177	109	
84	0.198870	3	378	13	88	
85	0.259028	1	378	
86	0.152383	2	13	88	
87	0.106645	1	13	
88	0.106645	1	88	
89	0.095314	3	48	177	109	
90	0.353793	2	48	177	
91	0.008792	1	48	
92	0.008792	1	177	
93	0.362584	1	109	
94	0.876092	1	20	
95	1.592751	1	338	
96	0.795415	7	228	291	10	163	153	218	189	
97	0.373004	5	228	291	10	163	153	
98	0.636091	1	228	
99	0.302229	4	291	10	163	153	
100	0.172140	2	291	10	
101	0.161722	1	291	
102	0.161722	1	10	
103	0.263463	2	163	153	
104	0.070400	1	163	
105	0.070400	1	153	
106	0.208838	2	218	189	
107	0.800256	1	218	
108	0.800256	1	189	
109	1.477185	2	117	114	
110	0.592695	1	117	
111	0.592695	1	114	
112	1.216965	9	172	200	350	383	123	204	39	173	40	
113	0.425770	5	172	200	350	383	123	
114	0.152397	3	172	200	350	
115	0.238314	2	172	200	
116	0.045581	1	172	
117	0.045581	1	200	
118	0.283895	1	350	
119	0.267188	2	383	123	
120	0.169103	1	383	
121	0.169103	1	123	
122	0.392602	4	204	39	173	40	
123	0.223714	3	204	39	173	
124	0.164570	2	204	39	
125	0.081175	1	204	
126	0.081175	1	39	
127	0.245745	1	173	
128	0.469459	1	40	
129	1.125822	19	388	115	96	194	57	339	59	111	275	140	330	34	64	314	336	47	396	385	236	
130	1.932677	1	388	
131	0.039506	18	115	96	194	57	339	59	111	275	140	330	34	64	314	336	47	396	385	236	
132	0.666533	16	115	96	194	57	339	59	111	275	140	330	34	64	314	336	47	396	
133	0.922528	2	115	96	
134	0.304110	1	115	
135	0.304110	1	96	
136	0.126293	14	194	57	339	59	111	275	140	330	34	64	314	336	47	396	
137	0.082717	8	194	57	339	59	111	275	140	330	
138	0.609500	3	194	57	339	
139	0.248639	2	194	57	
140	0.159489	1	194	
141	0.159489	1	57	
142	0.408127	1	339	
143	0.097865	5	59	111	275	140	330	
144	0.300883	3	59	111	275	
145	0.618880	1	59	
146	0.294297	2	111	275	
147	0.324583	1	111	
148	0.324583	1	275	
149	0.009708	2	140	330	
150	0.910054	1	140	
151	0.910054	1	330	
152	0.110918	6	34	64	314	336	47	396	
153	0.420134	4	34	64	314	336	
154	0.569292	1	34	
155	0.090698	3	64	314	336	
156	0.061345	2	64	314	
157	0.417249	1	64	
158	0.417249	1	314	
159	0.478594	1	336	
160	0.696962	2	47	396	
161	0.292464	1	47	
162	0.292464	1	396	
163	0.384273	2	385	236	
164	1.508898	1	385	
165	1.508898	1	236	
166	0.767080	34	310	38	301	213	78	124	370	267	394	134	178	335	235	326	205	100	323	154	379	265	138	340	58	2	395	348	188	222	101	91	309	61	152	183	
167	1.726113	11	310	38	301	213	78	124	370	267	394	134	178	
168	0.073920	2	310	38	
169	0.575442	1	310	
170	0.575442	1	38	
171	0.329699	9	301	213	78	124	370	267	394	134	178	
172	0.042592	8	301	213	78	124	370	267	394	134	
173	0.178366	7	301	213	78	124	370	267	394	
174	0.074661	3	301	213	78	
175	0.024045	1	301	
176	0.012698	2	213	78	
177	0.011347	1	213	
178	0.011347	1	78	
179	0.042720	4	124	370	267	394	
180	0.055986	1	124	
181	0.012302	3	370	267	394	
182	0.009529	2	370	267	
183	0.034155	1	370	
184	0.034155	1	267	
185	0.043684	1	394	
186	0.277072	1	134	
187	0.319664	1	178	
188	0.340709	23	335	235	326	205	100	323	154	379	265	138	340	58	2	395	348	188	222	101	91	309	61	152	183	
189	1.381663	8	335	235	326	205	100	323	154	379	
190	0.431728	4	335	235	326	205	
191	0.012128	2	335	235	
192	0.209248	1	335	
193	0.209248	1	235	
194	0.036191	2	326	205	
195	0.185184	1	326	
196	0.185184	1	205	
197	0.111984	4	100	323	154	379	
198	0.099891	3	100	323	154	
199	0.441229	1	100	
200	0.384769	2	323	154	
201	0.056460	1	323	
202	0.056460	1	154	
203	0.541120	1	379	
204	0.727978	15	265	138	340	58	2	395	348	188	222	101	91	309	61	152	183	
205	0.978125	4	265	138	340	58	
206	0.070702	2	265	138	
207	0.257961	1	265	
208	0.257961	1	138	
209	0.180287	2	340	58	
210	0.148376	1	340	
211	0.148376	1	58	
212	0.459721	11	2	395	348	188	222	101	91	309	61	152	183	
213	0.506428	3	2	395	348	
214	0.340640	1	2	
215	0.329713	2	395	348	
216	0.010926	1	395	
217	0.010926	1	348	
218	0.141437	8	188	222	101	91	309	61	152	183	
219	0.365888	5	188	222	101	91	309	
220	0.125949	2	188	222	
221	0.213794	1	188	
222	0.213794	1	222	
223	0.113029	3	101	91	309	
224	0.226714	1	101	
225	0.118972	2	91	309	
226	0.107742	1	91	
227	0.107742	1	309	
228	0.500552	3	61	152	183	
229	0.131091	2	61	152	
230	0.073988	1	61	
231	0.073988	1	152	
232	0.205079	1	183	
233	0.113447	131	168	280	112	255	80	17	393	42	386	345	74	263	160	6	90	358	99	54	366	46	45	251	164	237	26	185	197	337	176	257	4	315	281	252	0	392	285	70	62	93	92	260	307	37	331	29	376	371	209	129	186	308	238	296	9	41	199	321	262	206	232	76	287	254	31	120	36	119	284	365	130	302	389	196	3	198	250	247	246	162	150	390	142	244	286	104	165	116	279	355	234	195	84	382	360	83	8	248	207	387	167	180	249	305	384	201	105	190	131	216	217	145	381	79	30	77	191	16	179	342	316	56	60	230	373	169	174	103	156	52	258	
234	0.407089	78	168	280	112	255	80	17	393	42	386	345	74	263	160	6	90	358	99	54	366	46	45	251	164	237	26	185	197	337	176	257	4	315	281	252	0	392	285	70	62	93	92	260	307	37	331	29	376	371	209	129	186	308	238	296	9	41	199	321	262	206	232	76	287	254	31	120	36	119	284	365	130	302	389	196	3	198	250	247	
235	0.391745	24	168	280	112	255	80	17	393	42	386	345	74	263	160	6	90	358	99	54	366	46	45	251	164	237	
236	0.603151	22	168	280	112	255	80	17	393	42	386	345	74	263	160	6	90	358	99	54	366	46	45	251	
237	0.132195	19	168	280	112	255	80	17	393	42	386	345	74	263	160	6	90	358	99	54	366	
238	0.192387	9	168	280	112	255	80	17	393	42	386	
239	0.132910	6	168	280	112	255	80	17	
240	0.340068	4	168	280	112	255	
241	0.887824	1	168	
242	0.789009	3	280	112	255	
243	0.024634	2	280	112	
244	0.074180	1	280	
245	0.074180	1	112	
246	0.098814	1	255	
247	1.214562	2	80	17	
248	0.013329	1	80	
249	0.013329	1	17	
250	0.009670	3	393	42	386	
251	1.351131	1	393	
252	1.298403	2	42	386	
253	0.052729	1	42	
254	0.052729	1	386	
255	0.307968	10	345	74	263	160	6	90	358	99	54	366	
256	1.122632	2	345	74	
257	0.122588	1	345	
258	0.122588	1	74	
259	0.004264	8	263	160	6	90	358	99	54	366	
260	1.240957	1	263	
261	0.480250	7	160	6	90	358	99	54	366	
262	0.395002	3	160	6	90	
263	0.076296	2	160	6	
264	0.289409	1	160	
265	0.289409	1	6	
266	0.365705	1	90	
267	0.288188	4	358	99	54	366	
268	0.129108	3	358	99	54	
269	0.016091	2	358	99	
270	0.327321	1	358	
271	0.327321	1	99	
272	0.343412	1	54	
273	0.472520	1	366	
274	1.272207	3	46	45	251	
275	0.116972	2	46	45	
276	0.296205	1	46	
277	0.296205	1	45	
278	0.413176	1	251	
279	0.530468	2	164	237	
280	1.758066	1	164	
281	1.758066	1	237	
282	0.015560	54	26	185	197	337	176	257	4	315	281	252	0	392	285	70	62	93	92	260	307	37	331	29	376	371	209	129	186	308	238	296	9	41	199	321	262	206	232	76	287	254	31	120	36	119	284	365	130	302	389	196	3	198	250	247	
283	0.936246	8	26	185	197	337	176	257	4	315	
284	0.758424	7	26	185	197	337	176	257	4	
285	0.537320	6	26	185	197	337	176	257	
286	0.230996	4	26	185	197	337	
287	0.201735	1	26	
288	0.118019	3	185	197	337	
289	0.072591	2	185	197	
290	0.011125	1	185	
291	0.011125	1	197	
292	0.083716	1	337	
293	0.407574	2	176	257	
294	0.025157	1	176	
295	0.025157	1	257	
296	0.970051	1	4	
297	1.728475	1	315	
298	0.750724	46	281	252	0	392	285	70	62	93	92	260	307	37	331	29	376	371	209	129	186	308	238	296	9	41	199	321	262	206	232	76	287	254	31	120	36	119	284	365	130	302	389	196	3	198	250	247	
299	1.530401	4	281	252	0	392	
300	0.271905	3	281	252	0	
301	0.111690	1	281	
302	0.090982	2	252	0	
303	0.020708	1	252	
304	0.020708	1	0	
305	0.383596	1	392	
306	0.150776	42	285	70	62	93	92	260	307	37	331	29	376	371	209	129	186	308	238	296	9	41	199	321	262	206	232	76	287	254	31	120	36	119	284	365	130	302	389	196	3	198	250	247	
307	0.017032	28	285	70	62	93	92	260	307	37	331	29	376	371	209	129	186	308	238	296	9	41	199	321	262	206	232	76	287	254	
308	0.209356	15	285	70	62	93	92	260	307	37	331	29	376	371	209	129	186	
309	0.220446	8	285	70	62	93	92	260	307	37	
310	0.564255	5	285	70	62	93	92	
311	0.131998	3	285	70	62	
312	0.620133	1	285	
313	0.103963	2	70	62	
314	0.516170	1	70	
315	0.516170	1	62	
316	0.718802	2	93	92	
317	0.033329	1	93	
318	0.033329	1	92	
319	0.912194	3	260	307	37	
320	0.404193	1	260	
321	0.352541	2	307	37	
322	0.051651	1	307	
323	0.051651	1	37	
324	0.958941	7	331	29	376	371	209	129	186	
325	0.201892	4	331	29	376	371	
326	0.375999	1	331	
327	0.084273	3	29	376	371	
328	0.291726	1	29	
329	0.033338	2	376	371	
330	0.258388	1	376	
331	0.258388	1	371	
332	0.245542	3	209	129	186	
333	0.332349	1	209	
334	0.254235	2	129	186	
335	0.078115	1	129	
336	0.078115	1	186	
337	0.546985	13	308	238	296	9	41	199	321	262	206	232	76	287	254	
338	1.199203	1	308	
339	0.120441	12	238	296	9	41	199	321	262	206	232	76	287	254	
340	0.048454	8	238	296	9	41	199	321	262	206	
341	0.761823	4	238	296	9	41	
342	0.049454	3	238	296	9	
343	0.181695	2	238	296	
344	0.037335	1	238	
345	0.037335	1	296	
346	0.219030	1	9	
347	0.268484	1	41	
348	0.756769	4	199	321	262	206	
349	0.273538	1	199	
350	0.129307	3	321	262	206	
351	0.041265	2	321	262	
352	0.102966	1	321	
353	0.102966	1	262	
354	0.144231	1	206	
355	0.551813	4	232	76	287	254	
356	0.526949	1	232	
357	0.271186	3	76	287	254	
358	0.105824	2	76	287	
359	0.149938	1	76	
360	0.149938	1	287	
361	0.255762	1	254	
362	0.130439	14	31	120	36	119	284	365	130	302	389	196	3	198	250	247	
363	0.560165	7	31	120	36	119	284	365	130	
364	0.540558	3	31	120	36	
365	0.242004	2	31	120	
366	0.290054	1	31	
367	0.290054	1	120	
368	0.532058	1	36	
369	0.722672	4	119	284	365	130	
370	0.294192	3	119	284	365	
371	0.055752	1	119	
372	0.022811	2	284	365	
373	0.032942	1	284	
374	0.032942	1	365	
375	0.349944	1	130	
376	0.564324	7	302	389	196	3	198	250	247	
377	0.077314	4	302	389	196	3	
378	0.850523	2	302	389	
379	0.140620	1	302	
380	0.140620	1	389	
381	0.496109	2	196	3	
382	0.495034	1	196	
383	0.495034	1	3	
384	0.709519	3	198	250	247	
385	0.358938	1	198	
386	0.266471	2	250	247	
387	0.092467	1	250	
388	0.092467	1	247	
389	1.190413	53	246	162	150	390	142	244	286	104	165	116	279	355	234	195	84	382	360	83	8	248	207	387	167	180	249	305	384	201	105	190	131	216	217	145	381	79	30	77	191	16	179	342	316	56	60	230	373	169	174	103	156	52	258	
390	0.216987	44	246	162	150	390	142	244	286	104	165	116	279	355	234	195	84	382	360	83	8	248	207	387	167	180	249	305	384	201	105	190	131	216	217	145	381	79	30	77	191	16	179	342	316	56	
391	0.156721	37	246	162	150	390	142	244	286	104	165	116	279	355	234	195	84	382	360	83	8	248	207	387	167	180	249	305	384	201	105	190	131	216	217	145	381	79	30	
392	0.330912	16	246	162	150	390	142	244	286	104	165	116	279	355	234	195	84	382	
393	0.000599	15	246	162	150	390	142	244	286	104	165	116	279	355	234	195	84	
394	0.412046	6	246	162	150	390	142	244	
395	0.743510	2	246	162	
396	0.036181	1	246	
397	0.036181	1	162	
398	0.042817	4	150	390	142	244	
399	0.736875	1	150	
400	0.385284	3	390	142	244	
401	0.122295	2	390	142	
402	0.229296	1	390	
403	0.229296	1	142	
404	0.351591	1	244	
405	0.547810	9	286	104	165	116	279	355	234	195	84	
406	0.039844	3	286	104	165	
407	0.604084	1	286	
408	0.306395	2	104	165	
409	0.297689	1	104	
410	0.297689	1	165	
411	0.105792	6	116	279	355	234	195	84	
412	0.108585	4	116	279	355	234	
413	0.353454	3	116	279	355	
414	0.076096	1	116	
415	0.058634	2	279	355	
416	0.017462	1	279	
417	0.017462	1	355	
418	0.429550	1	234	
419	0.528729	2	195	84	
420	0.009406	1	195	
421	0.009406	1	84	
422	1.192336	1	382	
423	0.090244	21	360	83	8	248	207	387	167	180	249	305	384	201	105	190	131	216	217	145	381	79	30	
424	0.338180	11	360	83	8	248	207	387	167	180	249	305	384	
425	0.173809	10	360	83	8	248	207	387	167	180	249	305	
426	0.187522	2	360	83	
427	0.733494	1	360	
428	0.733494	1	83	
429	0.103824	8	8	248	207	387	167	180	249	305	
430	0.817192	1	8	
431	0.157732	7	248	207	387	167	180	249	305	
432	0.659459	1	248	
433	0.061906	6	207	387	167	180	249	305	
434	0.093833	3	207	387	167	
435	0.462986	2	207	387	
436	0.040733	1	207	
437	0.040733	1	387	
438	0.503720	1	167	
439	0.231698	3	180	249	305	
440	0.210097	2	180	249	
441	0.155758	1	180	
442	0.155758	1	249	
443	0.365855	1	305	
444	1.094824	1	384	
445	0.344615	10	201	105	190	131	216	217	145	381	79	30	
446	0.481320	9	201	105	190	131	216	217	145	381	79	
447	0.046751	7	201	105	190	131	216	217	145	
448	0.330432	2	201	105	
449	0.229887	1	201	
450	0.229887	1	105	
451	0.161497	5	190	131	216	217	145	
452	0.302269	2	190	131	
453	0.096553	1	190	
454	0.096553	1	131	
455	0.168857	3	216	217	145	
456	0.229965	1	216	
457	0.188815	2	217	145	
458	0.041150	1	217	
459	0.041150	1	145	
460	0.601688	2	381	79	
461	0.005382	1	381	
462	0.005382	1	79	
463	1.088389	1	30	
464	0.912729	7	77	191	16	179	342	316	56	
465	0.657222	4	77	191	16	179	
466	0.110018	1	77	
467	0.007112	3	191	16	179	
468	0.034163	2	191	16	
469	0.068743	1	191	
470	0.068743	1	16	
471	0.102906	1	179	
472	0.233202	3	342	316	56	
473	0.114469	2	342	316	
474	0.419569	1	342	
475	0.419569	1	316	
476	0.534038	1	56	
477	0.253664	9	60	230	373	169	174	103	156	52	258	
478	1.643292	1	60	
479	0.085223	8	230	373	169	174	103	156	52	258	
480	0.388518	3	230	373	169	
481	0.791988	2	230	373	
482	0.377563	1	230	
483	0.377563	1	373	
484	1.169551	1	169	
485	1.252761	5	174	103	156	52	258	
486	0.005883	4	174	103	156	52	
487	0.126805	3	174	103	156	
488	0.172619	1	174	
489	0.085211	2	103	156	
490	0.087408	1	103	
491	0.087408	1	156	
492	0.299425	1	52	
493	0.305307	1	258	
494	0.343856	153	354	27	212	271	229	361	7	128	239	155	113	141	32	270	304	311	171	261	242	374	132	224	240	367	81	318	73	181	69	268	24	266	127	322	102	67	297	87	227	351	50	159	327	182	349	193	136	18	269	89	121	12	375	19	11	170	94	332	187	110	98	288	151	272	135	259	368	122	352	211	44	245	139	290	106	1	333	299	282	328	108	68	231	51	303	219	274	107	334	14	226	214	133	320	341	312	22	346	118	85	147	63	273	363	225	347	5	253	372	264	295	210	95	357	359	292	33	149	233	35	278	298	208	148	126	71	23	241	28	256	362	146	144	137	277	203	175	53	294	202	184	66	397	329	220	157	364	313	158	192	166	324	325	
495	0.999213	70	354	27	212	271	229	361	7	128	239	155	113	141	32	270	304	311	171	261	242	374	132	224	240	367	81	318	73	181	69	268	24	266	127	322	102	67	297	87	227	351	50	159	327	182	349	193	136	18	269	89	121	12	375	19	11	170	94	332	187	110	98	288	151	272	135	259	368	122	352	211	
496	1.048812	29	354	27	212	271	229	361	7	128	239	155	113	141	32	270	304	311	171	261	242	374	132	224	240	367	81	318	73	181	69	
497	0.549329	4	354	27	212	271	
498	0.254208	3	354	27	212	
499	1.944649	1	354	
500	1.783213	2	27	212	
501	0.161435	1	27	
502	0.161435	1	212	
503	2.198856	1	271	
504	0.082649	25	229	361	7	128	239	155	113	141	32	270	304	311	171	261	242	374	132	224	240	367	81	318	73	181	69	
505	0.282102	18	229	361	7	128	239	155	113	141	32	270	304	311	171	261	242	374	132	224	
506	0.607656	13	229	361	7	128	239	155	113	141	32	270	304	311	171	
507	0.912548	12	229	361	7	128	239	155	113	141	32	270	304	311	
508	0.272413	3	229	361	7	
509	0.590818	1	229	
510	0.189047	2	361	7	
511	0.401770	1	361	
512	0.401770	1	7	
513	0.139718	9	128	239	155	113	141	32	270	304	311	
514	0.165027	7	128	239	155	113	141	32	270	
515	0.439834	3	128	239	155	
516	0.059506	2	128	239	
517	0.059145	1	128	
518	0.059145	1	239	
519	0.118651	1	155	
520	0.070273	4	113	141	32	270	
521	0.488212	1	113	
522	0.294956	3	141	32	270	
523	0.124010	2	141	32	
524	0.069247	1	141	
525	0.069247	1	32	
526	0.193256	1	270	
527	0.168160	2	304	311	
528	0.555352	1	304	
529	0.555352	1	311	
530	1.775778	1	171	
531	0.461839	5	261	242	374	132	224	
532	1.339134	2	261	242	
533	0.582461	1	261	
534	0.582461	1	242	
535	0.630711	3	374	132	224	
536	1.242994	2	374	132	
537	0.047890	1	374	
538	0.047890	1	132	
539	1.290884	1	224	
540	0.878193	7	240	367	81	318	73	181	69	
541	1.787343	1	240	
542	1.034959	6	367	81	318	73	181	69	
543	0.752384	1	367	
544	0.193043	5	81	318	73	181	69	
545	0.244043	3	81	318	73	
546	0.315298	1	81	
547	0.201833	2	318	73	
548	0.113465	1	318	
549	0.113465	1	73	
550	0.431357	2	181	69	
551	0.127984	1	181	
552	0.127984	1	69	
553	0.132071	41	268	24	266	127	322	102	67	297	87	227	351	50	159	327	182	349	193	136	18	269	89	121	12	375	19	11	170	94	332	187	110	98	288	151	272	135	259	368	122	352	211	
554	0.483156	24	268	24	266	127	322	102	67	297	87	227	351	50	159	327	182	349	193	136	18	269	89	121	12	375	
555	0.227873	15	268	24	266	127	322	102	67	297	87	227	351	50	159	327	182	
556	1.034104	12	268	24	266	127	322	102	67	297	87	227	351	50	
557	1.919793	1	268	
558	0.558905	11	24	266	127	322	102	67	297	87	227	351	50	
559	0.281178	7	24	266	127	322	102	67	297	
560	0.786149	2	24	266	
561	0.293561	1	24	
562	0.293561	1	266	
563	0.160576	5	127	322	102	67	297	
564	0.641283	3	127	322	102	
565	0.277851	1	127	
566	0.060766	2	322	102	
567	0.217085	1	322	
568	0.217085	1	102	
569	0.734903	2	67	297	
570	0.184232	1	67	
571	0.184232	1	297	
572	0.935787	4	87	227	351	50	
573	0.061032	2	87	227	
574	0.364069	1	87	
575	0.364069	1	227	
576	0.328440	2	351	50	
577	0.096661	1	351	
578	0.096661	1	50	
579	2.088848	3	159	327	182	
580	0.865048	1	159	
581	0.521655	2	327	182	
582	0.343394	1	327	
583	0.343394	1	182	
584	0.667880	9	349	193	136	18	269	89	121	12	375	
585	0.852350	8	349	193	136	18	269	89	121	12	
586	1.268450	2	349	193	
587	0.393090	1	349	
588	0.393090	1	193	
589	0.168547	6	136	18	269	89	121	12	
590	0.349763	4	136	18	269	89	
591	1.143231	1	136	
592	0.600673	3	18	269	89	
593	0.542558	1	18	
594	0.154923	2	269	89	
595	0.387635	1	269	
596	0.387635	1	89	
597	0.436671	2	121	12	
598	1.056322	1	121	
599	1.056322	1	12	
600	2.513890	1	375	
601	1.946813	17	19	11	170	94	332	187	110	98	288	151	272	135	259	368	122	352	211	
602	0.973589	9	19	11	170	94	332	187	110	98	288	
603	0.060051	5	19	11	170	94	332	
604	0.035162	3	19	11	170	
605	0.649310	1	19	
606	0.613420	2	11	170	
607	0.035890	1	11	
608	0.035890	1	170	
609	0.575066	2	94	332	
610	0.109406	1	94	
611	0.109406	1	332	
612	0.489813	4	187	110	98	288	
613	0.254711	1	187	
614	0.142883	3	110	98	288	
615	0.111828	1	110	
616	0.028174	2	98	288	
617	0.083654	1	98	
618	0.083654	1	288	
619	0.024643	8	151	272	135	259	368	122	352	211	
620	1.164963	3	151	272	135	
621	0.528508	1	151	
622	0.326136	2	272	135	
623	0.202372	1	272	
624	0.202372	1	135	
625	1.155235	5	259	368	122	352	211	
626	0.066305	3	259	368	122	
627	0.128330	2	259	368	
628	0.343602	1	259	
629	0.343602	1	368	
630	0.471931	1	122	
631	0.535050	2	352	211	
632	0.003187	1	352	
633	0.003187	1	211	
634	0.691220	83	44	245	139	290	106	1	333	299	282	328	108	68	231	51	303	219	274	107	334	14	226	214	133	320	341	312	22	346	118	85	147	63	273	363	225	347	5	253	372	264	295	210	95	357	359	292	33	149	233	35	278	298	208	148	126	71	23	241	28	256	362	146	144	137	277	203	175	53	294	202	184	66	397	329	220	157	364	313	158	192	166	324	325	
635	2.131253	3	44	245	139	
636	1.973737	1	44	
637	1.522015	2	245	139	
638	0.451722	1	245	
639	0.451722	1	139	
640	0.130613	80	290	106	1	333	299	282	328	108	68	231	51	303	219	274	107	334	14	226	214	133	320	341	312	22	346	118	85	147	63	273	363	225	347	5	253	372	264	295	210	95	357	359	292	33	149	233	35	278	298	208	148	126	71	23	241	28	256	362	146	144	137	277	203	175	53	294	202	184	66	397	329	220	157	364	313	158	192	166	324	325	
641	1.709935	18	290	106	1	333	299	282	328	108	68	231	51	303	219	274	107	334	14	226	
642	2.264442	1	290	
643	0.049382	17	106	1	333	299	282	328	108	68	231	51	303	219	274	107	334	14	226	
644	1.143925	8	106	1	333	299	282	328	108	68	
645	0.555601	6	106	1	333	299	282	328	
646	0.244321	2	106	1	
647	0.271213	1	106	
648	0.271213	1	1	
649	0.284184	4	333	299	282	328	
650	0.231349	1	333	
651	0.097375	3	299	282	328	
652	0.121397	2	299	282	
653	0.012577	1	299	
654	0.012577	1	282	
655	0.133974	1	328	
656	1.037854	2	108	68	
657	0.033281	1	108	
658	0.033281	1	68	
659	0.779707	9	231	51	303	219	274	107	334	14	226	
660	0.302361	4	231	51	303	219	
661	1.132993	1	231	
662	0.301118	3	51	303	219	
663	0.831875	1	51	
664	0.344999	2	303	219	
665	0.486876	1	303	
666	0.486876	1	219	
667	0.620944	5	274	107	334	14	226	
668	0.814409	1	274	
669	0.190999	4	107	334	14	226	
670	0.454234	3	107	334	14	
671	0.169175	1	107	
672	0.035940	2	334	14	
673	0.133236	1	334	
674	0.133236	1	14	
675	0.623410	1	226	
676	0.866926	62	214	133	320	341	312	22	346	118	85	147	63	273	363	225	347	5	253	372	264	295	210	95	357	359	292	33	149	233	35	278	298	208	148	126	71	23	241	28	256	362	146	144	137	277	203	175	53	294	202	184	66	397	329	220	157	364	313	158	192	166	324	325	
677	0.184181	50	214	133	320	341	312	22	346	118	85	147	63	273	363	225	347	5	253	372	264	295	210	95	357	359	292	33	149	233	35	278	298	208	148	126	71	23	241	28	256	362	146	144	137	277	203	175	53	294	202	184	
678	0.924050	27	214	133	320	341	312	22	346	118	85	147	63	273	363	225	347	5	253	372	264	295	210	95	357	359	292	33	149	
679	0.152977	22	214	133	320	341	312	22	346	118	85	147	63	273	363	225	347	5	253	372	264	295	210	95	
680	0.714783	13	214	133	320	341	312	22	346	118	85	147	63	273	363	
681	0.006011	8	214	133	320	341	312	22	346	118	
682	0.465982	2	214	133	
683	0.659467	1	214	
684	0.659467	1	133	
685	0.492216	6	320	341	312	22	346	118	
686	0.221998	2	320	341	
687	0.411236	1	320	
688	0.411236	1	341	
689	0.350187	4	312	22	346	118	
690	0.173643	2	312	22	
691	0.109403	1	312	
692	0.109403	1	22	
693	0.128190	2	346	118	
694	0.154856	1	346	
695	0.154856	1	118	
696	0.202927	5	85	147	63	273	363	
697	0.461062	3	85	147	63	
698	0.360445	2	85	147	
699	0.107027	1	85	
700	0.107027	1	147	
701	0.467472	1	63	
702	0.671620	2	273	363	
703	0.256914	1	273	
704	0.256914	1	363	
705	0.433024	9	225	347	5	253	372	264	295	210	95	
706	0.365983	6	225	347	5	253	372	264	
707	0.127740	5	225	347	5	253	372	
708	0.919497	1	225	
709	0.262732	4	347	5	253	372	
710	0.090334	3	347	5	253	
711	0.566430	1	347	
712	0.348088	2	5	253	
713	0.218343	1	5	
714	0.218343	1	253	
715	0.656765	1	372	
716	1.047237	1	264	
717	0.509086	3	295	210	95	
718	0.408173	2	295	210	
719	0.495961	1	295	
720	0.495961	1	210	
721	0.904134	1	95	
722	0.276212	5	357	359	292	33	149	
723	1.476830	3	357	359	292	
724	0.217283	2	357	359	
725	0.028895	1	357	
726	0.028895	1	359	
727	0.246179	1	292	
728	1.264575	2	33	149	
729	0.458434	1	33	
730	0.458434	1	149	
731	0.007028	23	233	35	278	298	208	148	126	71	23	241	28	256	362	146	144	137	277	203	175	53	294	202	184	
732	0.916728	10	233	35	278	298	208	148	126	71	23	241	
733	0.979487	7	233	35	278	298	208	148	126	
734	0.814410	5	233	35	278	298	208	
735	0.062035	3	233	35	278	
736	0.102529	2	233	35	
737	0.041055	1	233	
738	0.041055	1	35	
739	0.143584	1	278	
740	0.065200	2	298	208	
741	0.140419	1	298	
742	0.140419	1	208	
743	0.921293	2	148	126	
744	0.098735	1	148	
745	0.098735	1	126	
746	1.200827	3	71	23	241	
747	0.798688	1	71	
748	0.395273	2	23	241	
749	0.403414	1	23	
750	0.403414	1	241	
751	1.467403	13	28	256	362	146	144	137	277	203	175	53	294	202	184	
752	1.038665	4	28	256	362	146	
753	0.203081	2	28	256	
754	0.207093	1	28	
755	0.207093	1	256	
756	0.399164	2	362	146	
757	0.011010	1	362	
758	0.011010	1	146	
759	0.084784	9	144	137	277	203	175	53	294	202	184	
760	1.120699	2	144	137	
761	0.243356	1	144	
762	0.243356	1	137	
763	0.255518	7	277	203	175	53	294	202	184	
764	1.108537	1	277	
765	0.473667	6	203	175	53	294	202	184	
766	0.189941	5	203	175	53	294	202	
767	0.189407	2	203	175	
768	0.255522	1	203	
769	0.255522	1	175	
770	0.175149	3	53	294	202	
771	0.269780	1	53	
772	0.222982	2	294	202	
773	0.046798	1	294	
774	0.046798	1	202	
775	0.634870	1	184	
776	0.551734	12	66	397	329	220	157	364	313	158	192	166	324	325	
777	1.567542	6	66	397	329	220	157	364	
778	0.988174	1	66	
779	0.586568	5	397	329	220	157	364	
780	0.401606	1	397	
781	0.207477	4	329	220	157	364	
782	0.089478	3	329	220	157	
783	0.104651	1	329	
784	0.016065	2	220	157	
785	0.088586	1	220	
786	0.088586	1	157	
787	0.194129	1	364	
788	1.315071	6	313	158	192	166	324	325	
789	0.550055	2	313	158	
790	0.690592	1	313	
791	0.690592	1	158	
792	0.224427	4	192	166	324	325	
793	1.016219	1	192	
794	0.682374	3	166	324	325	
795	0.333845	1	166	
796	0.141129	2	324	325	
797	0.192716	1	324	
798	0.192716	1	325	
It	Lh	Lh + Prior	No Pram	Alpha	Sigma^2	Alpha Scale Prior	Node ID	Scaler	Creat It	Node / Branch	
4000	-574.358405	-687.679517	36	1.327586	0.855998	1.100000	676	7.189104	3193	Branch	731	23.507521	1527	Node	641	7.392184	1066	Node	680	4.471996	3330	Node	339	1.549069	3996	Branch	776	12.181198	818	Node	759	23.466083	1482	Branch	429	2.046675	3866	Node	218	1.363299	3071	Node	479	0.747583	1102	Node	4	6.062388	2232	Node	685	2.099321	2264	Node	239	1.768348	2391	Node	707	9.284635	316	Node	734	3.470897	473	Node	205	15.359232	3529	Node	72	6.901221	2181	Branch	370	5.371788	1071	Node	635	11.184894	2963	Branch	400	2.195779	2620	Node	384	14.708116	2553	Branch	698	26.660948	433	Node	686	22.506367	949	Node	343	1.373463	3751	Branch	125	1.890801	3806	Branch	729	4.908216	2713	Branch	490	10.556341	3010	Branch	453	2.677341	2940	Branch	147	1.542983	2213	Branch	749	6.453707	2650	Branch	111	3.075009	1131	Branch	201	0.219604	1982	Branch	703	9.562568	3989	Branch	598	11.931109	2982	Branch	787	7.104986	2614	Branch	387	1.687049	3196	Branch	
5000	-569.136349	-673.658718	33	1.752952	1.050623	1.100000	676	7.876661	3193	Branch	731	24.012666	1527	Node	641	8.250707	1066	Node	339	2.015676	3996	Branch	776	14.457686	818	Node	759	23.080594	1482	Branch	479	0.049895	1102	Node	4	4.037719	4989	Node	4	3.669595	4640	Branch	707	9.969029	316	Node	734	1.752617	473	Node	58	8.230625	4405	Branch	219	0.335248	3071	Node	781	8.300892	2614	Branch	689	2.318120	4780	Node	400	3.115896	2620	Node	384	13.255869	2553	Branch	635	8.884352	2963	Branch	697	25.300875	433	Node	606	1.519148	4699	Branch	686	22.643898	949	Node	372	5.037075	1071	Node	796	1.593740	4970	Branch	597	10.015816	2982	Branch	147	0.630746	2213	Branch	111	2.638748	1131	Branch	703	10.363154	3989	Branch	201	2.129229	1982	Branch	729	6.284562	2713	Branch	453	2.474246	2940	Branch	344	1.430319	3751	Branch	490	10.709038	3010	Branch	749	5.824136	2650	Branch	
6000	-564.221989	-679.461653	36	1.912238	0.976352	1.100000	676	9.229473	3193	Branch	731	24.860679	1527	Node	641	9.253020	1066	Node	339	0.438647	5587	Node	776	9.722737	818	Node	759	25.317658	1482	Branch	479	0.245872	1102	Node	706	12.445212	316	Node	779	13.059404	5418	Branch	58	9.558378	4405	Branch	219	0.299169	3071	Node	781	5.018549	2614	Branch	689	2.499702	4780	Node	635	11.215803	2963	Branch	597	13.826954	2982	Branch	200	2.212451	1982	Branch	13	4.759867	4989	Node	686	21.969547	949	Node	372	2.789554	1071	Node	698	25.528839	433	Node	386	13.214068	2553	Branch	146	1.272851	2213	Branch	432	8.129877	5895	Branch	407	9.662150	5783	Branch	795	0.415786	4970	Branch	607	2.407745	4699	Branch	490	12.308904	3010	Branch	344	1.970101	3751	Branch	6	6.919080	5150	Branch	453	1.132053	2940	Branch	356	1.727889	3996	Branch	749	4.532592	2650	Branch	729	3.812325	2713	Branch	111	2.595697	1131	Branch	104	7.904127	5727	Branch	703	9.045959	3989	Branch	
7000	-560.297991	-693.386657	43	2.257316	0.880813	1.100000	676	9.148331	3193	Branch	731	20.485814	1527	Node	641	9.125757	1066	Node	751	24.802686	1482	Branch	776	17.697048	818	Node	479	0.245872	1102	Node	685	18.154930	949	Node	589	9.561536	2982	Branch	645	8.696654	6911	Branch	707	15.078691	316	Node	219	0.336544	3071	Node	779	9.542919	5418	Branch	58	4.813981	4405	Branch	781	2.340569	2614	Branch	635	9.929480	2963	Branch	288	1.193632	6730	Node	12	3.866549	4989	Node	794	1.647506	4970	Branch	384	7.161545	2553	Branch	39	1.975885	6025	Branch	698	29.288961	433	Node	748	1.354185	2650	Branch	718	7.015721	6614	Node	372	1.133226	1071	Node	343	2.246415	3751	Branch	269	0.570153	6998	Branch	607	4.211376	4699	Branch	346	3.083718	6193	Branch	280	0.622471	6246	Branch	543	1.311856	6109	Branch	703	4.333312	3989	Branch	6	7.274164	5150	Branch	201	2.683499	1982	Branch	432	14.990712	5895	Branch	453	0.355959	2940	Branch	111	1.352745	1131	Branch	87	1.302794	6419	Branch	356	2.536553	3996	Branch	407	7.778118	5783	Branch	729	4.851795	2713	Branch	105	3.857261	5727	Branch	462	1.418163	6926	Branch	490	16.125154	3010	Branch	
8000	-558.057089	-696.584900	46	1.207441	0.974507	1.100000	67	2.603631	7245	Branch	676	4.108003	3193	Branch	678	4.826828	7333	Node	731	24.740907	1482	Branch	731	13.054039	1527	Node	641	9.527500	1066	Node	776	17.424860	818	Node	479	0.245872	1102	Node	619	0.272208	7856	Node	376	9.839689	2553	Branch	589	4.011593	2982	Branch	645	9.324998	6911	Branch	707	4.688285	316	Node	58	0.744633	4405	Branch	779	7.032180	5418	Branch	219	0.336544	3071	Node	781	2.606212	2614	Branch	12	2.393761	4989	Node	635	11.591159	2963	Branch	288	1.948484	6730	Node	697	0.794778	7351	Node	370	8.322971	1071	Node	794	1.917588	4970	Branch	717	1.943550	6614	Node	39	1.851967	6025	Branch	109	4.282773	1131	Branch	698	30.013522	433	Node	269	0.889980	6998	Branch	343	1.981742	3751	Branch	748	5.221312	2650	Branch	346	4.086367	6193	Branch	407	3.318200	5783	Branch	280	17.442892	6246	Branch	703	4.333312	3989	Branch	543	6.381837	6109	Branch	6	2.855976	5150	Branch	266	3.059283	7307	Branch	201	0.691698	1982	Branch	453	0.363711	2940	Branch	490	17.173301	3010	Branch	87	3.299698	6419	Branch	356	4.187980	3996	Branch	607	6.636548	4699	Branch	105	3.857261	5727	Branch	462	2.094529	6926	Branch	598	12.108253	7604	Branch	
9000	-565.628373	-694.900088	40	1.588219	0.958735	1.100000	68	9.394515	7245	Branch	678	4.826828	7333	Node	731	11.286238	1527	Node	731	2.070963	1482	Branch	641	13.883056	1066	Node	776	16.414500	818	Node	776	6.484320	3193	Branch	218	1.305622	3071	Node	619	0.272208	7856	Node	376	0.813228	2553	Branch	589	6.248237	2982	Branch	645	1.012037	6911	Branch	58	10.093319	4405	Branch	707	4.418648	316	Node	779	8.040356	5418	Branch	590	14.281950	8975	Branch	792	9.551916	4970	Branch	635	14.518191	2963	Branch	12	4.578081	4989	Node	782	0.991259	2614	Branch	342	10.023067	6193	Branch	746	1.893230	2650	Branch	53	0.083564	8848	Node	288	2.929305	6730	Node	343	7.396356	3751	Branch	39	24.009846	6025	Branch	109	12.775951	1131	Branch	698	24.705123	433	Node	598	12.108253	7604	Branch	607	11.140704	4699	Branch	407	9.079244	5783	Branch	703	0.353825	3989	Branch	280	30.976857	6246	Branch	270	4.195398	6998	Branch	453	4.478796	2940	Branch	462	6.164594	6926	Branch	266	2.096215	7307	Branch	87	9.715999	6419	Branch	105	13.562198	5727	Branch	490	14.998765	3010	Branch	
10000	-553.109097	-699.368899	47	0.829749	0.821693	1.100000	69	10.892785	7245	Branch	678	4.826828	7333	Node	731	2.070963	1482	Branch	731	9.971180	1527	Node	641	10.951550	1066	Node	776	17.025279	818	Node	776	0.802001	3193	Branch	732	11.222573	2650	Branch	238	6.238464	9747	Node	619	0.272208	7856	Node	585	4.497122	2982	Branch	376	0.813228	2553	Branch	58	4.941181	4405	Branch	38	2.531730	6025	Branch	779	9.159580	5418	Branch	51	0.234362	8848	Node	590	3.439240	8975	Branch	709	3.396416	316	Node	792	3.804740	4970	Branch	781	5.895080	2614	Branch	288	2.929305	6730	Node	635	13.401655	2963	Branch	72	10.868402	9322	Branch	12	4.578081	4989	Node	342	5.150869	6193	Branch	250	20.298573	9444	Branch	597	1.542488	7604	Branch	263	0.597845	9481	Node	343	29.003647	3751	Branch	109	4.612269	1131	Branch	698	18.356446	433	Node	468	4.954090	9889	Branch	270	6.980377	6998	Branch	280	21.928826	6246	Branch	195	9.220555	9726	Branch	453	1.745442	2940	Branch	16	3.092720	9211	Branch	642	19.676386	9083	Branch	87	3.266252	6419	Branch	791	3.449984	9416	Branch	266	2.813382	7307	Branch	703	1.081335	3989	Branch	490	16.610843	3010	Branch	687	4.214969	9242	Branch	432	3.889827	9692	Branch	785	2.717673	9082	Branch	607	16.822962	4699	Branch	
