200
0	t175
1	t191
2	t7
3	t132
4	t104
5	t190
6	t80
7	t200
8	t125
9	t32
10	t144
11	t4
12	t120
13	t139
14	t174
15	t152
16	t44
17	t1
18	t20
19	t110
20	t99
21	t29
22	t72
23	t160
24	t193
25	t186
26	t141
27	t134
28	t151
29	t128
30	t194
31	t89
32	t73
33	t68
34	t140
35	t53
36	t148
37	t54
38	t98
39	t16
40	t183
41	t42
42	t79
43	t192
44	t66
45	t83
46	t43
47	t17
48	t56
49	t57
50	t185
51	t195
52	t182
53	t154
54	t13
55	t127
56	t137
57	t199
58	t170
59	t118
60	t149
61	t39
62	t171
63	t69
64	t162
65	t109
66	t116
67	t130
68	t196
69	t84
70	t150
71	t33
72	t161
73	t62
74	t74
75	t25
76	t55
77	t19
78	t187
79	t176
80	t59
81	t45
82	t121
83	t40
84	t129
85	t5
86	t12
87	t179
88	t107
89	t30
90	t50
91	t92
92	t159
93	t96
94	t172
95	t9
96	t63
97	t93
98	t153
99	t143
100	t167
101	t102
102	t163
103	t10
104	t24
105	t168
106	t198
107	t178
108	t145
109	t115
110	t95
111	t157
112	t67
113	t158
114	t88
115	t34
116	t156
117	t164
118	t77
119	t126
120	t135
121	t85
122	t36
123	t15
124	t146
125	t37
126	t100
127	t136
128	t188
129	t75
130	t8
131	t142
132	t41
133	t14
134	t147
135	t11
136	t119
137	t2
138	t123
139	t70
140	t64
141	t48
142	t133
143	t138
144	t94
145	t23
146	t58
147	t166
148	t106
149	t177
150	t112
151	t60
152	t38
153	t18
154	t81
155	t3
156	t91
157	t22
158	t122
159	t71
160	t131
161	t169
162	t21
163	t101
164	t189
165	t114
166	t78
167	t47
168	t197
169	t87
170	t105
171	t103
172	t61
173	t6
174	t111
175	t165
176	t184
177	t117
178	t82
179	t46
180	t35
181	t113
182	t76
183	t49
184	t28
185	t65
186	t97
187	t155
188	t173
189	t27
190	t108
191	t52
192	t51
193	t86
194	t124
195	t90
196	t31
197	t180
198	t181
199	t26
399
0	1.382388	200	71	153	38	45	55	80	113	162	65	168	196	184	35	198	92	29	122	19	137	30	96	8	91	7	18	12	156	0	89	141	140	152	128	139	197	75	127	149	78	123	87	46	56	109	134	182	11	34	25	64	13	81	51	121	157	124	98	131	114	79	125	116	10	4	166	170	52	189	159	33	138	21	72	133	179	143	57	173	23	86	160	88	155	101	15	54	5	154	20	48	85	195	118	151	36	126	53	69	24	150	174	142	94	84	146	180	112	104	93	2	181	183	187	144	67	14	164	3	147	193	136	27	185	110	32	115	186	68	37	100	28	172	77	105	22	42	176	44	188	76	95	1	83	107	129	192	43	50	66	119	16	132	99	145	9	111	190	60	158	49	58	165	70	167	102	39	17	135	130	175	97	199	106	90	6	26	194	161	59	73	177	191	103	163	117	47	41	120	63	31	148	61	171	169	178	108	74	82	62	40	
1	1.418191	16	71	153	38	45	55	80	113	162	65	168	196	184	35	198	92	29	
2	1.547401	5	71	153	38	45	55	
3	0.801119	2	71	153	
4	0.211384	1	71	
5	0.211384	1	153	
6	0.979532	3	38	45	55	
7	0.032971	1	38	
8	0.016347	2	45	55	
9	0.016624	1	45	
10	0.016624	1	55	
11	0.299707	11	80	113	162	65	168	196	184	35	198	92	29	
12	1.691704	2	80	113	
13	0.568494	1	80	
14	0.568494	1	113	
15	0.093995	9	162	65	168	196	184	35	198	92	29	
16	0.026363	7	162	65	168	196	184	35	198	
17	0.808125	5	162	65	168	196	184	
18	0.038770	4	162	65	168	196	
19	1.292944	1	162	
20	0.397585	3	65	168	196	
21	0.567261	2	65	168	
22	0.328098	1	65	
23	0.328098	1	168	
24	0.895359	1	196	
25	1.331714	1	184	
26	1.656911	2	35	198	
27	0.482928	1	35	
28	0.482928	1	198	
29	1.997590	2	92	29	
30	0.168612	1	92	
31	0.168612	1	29	
32	0.516635	184	122	19	137	30	96	8	91	7	18	12	156	0	89	141	140	152	128	139	197	75	127	149	78	123	87	46	56	109	134	182	11	34	25	64	13	81	51	121	157	124	98	131	114	79	125	116	10	4	166	170	52	189	159	33	138	21	72	133	179	143	57	173	23	86	160	88	155	101	15	54	5	154	20	48	85	195	118	151	36	126	53	69	24	150	174	142	94	84	146	180	112	104	93	2	181	183	187	144	67	14	164	3	147	193	136	27	185	110	32	115	186	68	37	100	28	172	77	105	22	42	176	44	188	76	95	1	83	107	129	192	43	50	66	119	16	132	99	145	9	111	190	60	158	49	58	165	70	167	102	39	17	135	130	175	97	199	106	90	6	26	194	161	59	73	177	191	103	163	117	47	41	120	63	31	148	61	171	169	178	108	74	82	62	40	
33	0.986989	62	122	19	137	30	96	8	91	7	18	12	156	0	89	141	140	152	128	139	197	75	127	149	78	123	87	46	56	109	134	182	11	34	25	64	13	81	51	121	157	124	98	131	114	79	125	116	10	4	166	170	52	189	159	33	138	21	72	133	179	143	57	173	
34	0.560456	17	122	19	137	30	96	8	91	7	18	12	156	0	89	141	140	152	128	
35	0.353773	14	122	19	137	30	96	8	91	7	18	12	156	0	89	141	
36	0.808026	8	122	19	137	30	96	8	91	7	
37	0.073352	6	122	19	137	30	96	8	
38	0.028182	5	122	19	137	30	96	
39	0.283592	4	122	19	137	30	
40	0.034130	2	122	19	
41	0.332959	1	122	
42	0.332959	1	19	
43	0.051723	2	137	30	
44	0.315366	1	137	
45	0.315366	1	30	
46	0.650682	1	96	
47	0.678864	1	8	
48	0.338536	2	91	7	
49	0.413681	1	91	
50	0.413681	1	7	
51	1.047077	6	18	12	156	0	89	141	
52	0.221802	3	18	12	156	
53	0.193745	2	18	12	
54	0.097618	1	18	
55	0.097618	1	12	
56	0.291363	1	156	
57	0.086424	3	0	89	141	
58	0.338841	2	0	89	
59	0.087900	1	0	
60	0.087900	1	89	
61	0.426741	1	141	
62	1.300825	3	140	152	128	
63	0.613191	1	140	
64	0.594119	2	152	128	
65	0.019072	1	152	
66	0.019072	1	128	
67	0.234392	45	139	197	75	127	149	78	123	87	46	56	109	134	182	11	34	25	64	13	81	51	121	157	124	98	131	114	79	125	116	10	4	166	170	52	189	159	33	138	21	72	133	179	143	57	173	
68	0.608251	10	139	197	75	127	149	78	123	87	46	56	
69	0.355611	9	139	197	75	127	149	78	123	87	46	
70	0.686592	3	139	197	75	
71	0.396069	2	139	197	
72	0.193557	1	139	
73	0.193557	1	197	
74	0.589626	1	75	
75	0.501449	6	127	149	78	123	87	46	
76	0.704063	2	127	149	
77	0.070705	1	127	
78	0.070705	1	149	
79	0.136924	4	78	123	87	46	
80	0.637845	1	78	
81	0.539213	3	123	87	46	
82	0.098632	1	123	
83	0.015054	2	87	46	
84	0.083578	1	87	
85	0.083578	1	46	
86	1.631828	1	56	
87	0.075628	35	109	134	182	11	34	25	64	13	81	51	121	157	124	98	131	114	79	125	116	10	4	166	170	52	189	159	33	138	21	72	133	179	143	57	173	
88	0.647280	23	109	134	182	11	34	25	64	13	81	51	121	157	124	98	131	114	79	125	116	10	4	166	170	
89	0.730157	8	109	134	182	11	34	25	64	13	
90	0.787014	1	109	
91	0.042946	7	134	182	11	34	25	64	13	
92	0.122206	4	134	182	11	34	
93	0.335983	3	134	182	11	
94	0.010962	2	134	182	
95	0.274917	1	134	
96	0.274917	1	182	
97	0.285879	1	11	
98	0.621862	1	34	
99	0.209912	3	25	64	13	
100	0.534156	1	25	
101	0.486958	2	64	13	
102	0.047199	1	64	
103	0.047199	1	13	
104	0.028880	15	81	51	121	157	124	98	131	114	79	125	116	10	4	166	170	
105	1.185919	4	81	51	121	157	
106	0.068730	2	81	51	
107	0.233641	1	81	
108	0.233641	1	51	
109	0.249962	2	121	157	
110	0.052409	1	121	
111	0.052409	1	157	
112	0.390386	11	124	98	131	114	79	125	116	10	4	166	170	
113	0.342320	5	124	98	131	114	79	
114	0.532805	2	124	98	
115	0.222779	1	124	
116	0.222779	1	98	
117	0.486321	3	131	114	79	
118	0.229861	2	131	114	
119	0.039402	1	131	
120	0.039402	1	114	
121	0.269263	1	79	
122	0.220966	6	125	116	10	4	166	170	
123	0.730714	3	125	116	10	
124	0.146224	1	125	
125	0.141358	2	116	10	
126	0.004867	1	116	
127	0.004867	1	10	
128	0.079610	3	4	166	170	
129	0.797329	1	4	
130	0.732763	2	166	170	
131	0.064566	1	166	
132	0.064566	1	170	
133	1.176836	12	52	189	159	33	138	21	72	133	179	143	57	173	
134	0.249092	9	52	189	159	33	138	21	72	133	179	
135	0.427271	2	52	189	
136	0.311252	1	52	
137	0.311252	1	189	
138	0.329301	7	159	33	138	21	72	133	179	
139	0.123328	3	159	33	138	
140	0.285893	1	159	
141	0.251332	2	33	138	
142	0.034560	1	33	
143	0.034560	1	138	
144	0.023181	4	21	72	133	179	
145	0.373773	2	21	72	
146	0.012267	1	21	
147	0.012267	1	72	
148	0.035399	2	133	179	
149	0.350641	1	133	
150	0.350641	1	179	
151	0.623672	3	143	57	173	
152	0.363943	1	143	
153	0.292931	2	57	173	
154	0.071012	1	57	
155	0.071012	1	173	
156	0.432325	122	23	86	160	88	155	101	15	54	5	154	20	48	85	195	118	151	36	126	53	69	24	150	174	142	94	84	146	180	112	104	93	2	181	183	187	144	67	14	164	3	147	193	136	27	185	110	32	115	186	68	37	100	28	172	77	105	22	42	176	44	188	76	95	1	83	107	129	192	43	50	66	119	16	132	99	145	9	111	190	60	158	49	58	165	70	167	102	39	17	135	130	175	97	199	106	90	6	26	194	161	59	73	177	191	103	163	117	47	41	120	63	31	148	61	171	169	178	108	74	82	62	40	
157	0.646441	5	23	86	160	88	155	
158	1.616475	4	23	86	160	88	
159	0.420358	2	23	86	
160	0.345862	1	23	
161	0.345862	1	86	
162	0.655886	2	160	88	
163	0.110334	1	160	
164	0.110334	1	88	
165	2.382695	1	155	
166	0.220867	117	101	15	54	5	154	20	48	85	195	118	151	36	126	53	69	24	150	174	142	94	84	146	180	112	104	93	2	181	183	187	144	67	14	164	3	147	193	136	27	185	110	32	115	186	68	37	100	28	172	77	105	22	42	176	44	188	76	95	1	83	107	129	192	43	50	66	119	16	132	99	145	9	111	190	60	158	49	58	165	70	167	102	39	17	135	130	175	97	199	106	90	6	26	194	161	59	73	177	191	103	163	117	47	41	120	63	31	148	61	171	169	178	108	74	82	62	40	
167	0.151885	110	101	15	54	5	154	20	48	85	195	118	151	36	126	53	69	24	150	174	142	94	84	146	180	112	104	93	2	181	183	187	144	67	14	164	3	147	193	136	27	185	110	32	115	186	68	37	100	28	172	77	105	22	42	176	44	188	76	95	1	83	107	129	192	43	50	66	119	16	132	99	145	9	111	190	60	158	49	58	165	70	167	102	39	17	135	130	175	97	199	106	90	6	26	194	161	59	73	177	191	103	163	117	47	41	120	63	31	148	61	171	
168	0.359932	100	101	15	54	5	154	20	48	85	195	118	151	36	126	53	69	24	150	174	142	94	84	146	180	112	104	93	2	181	183	187	144	67	14	164	3	147	193	136	27	185	110	32	115	186	68	37	100	28	172	77	105	22	42	176	44	188	76	95	1	83	107	129	192	43	50	66	119	16	132	99	145	9	111	190	60	158	49	58	165	70	167	102	39	17	135	130	175	97	199	106	90	6	26	194	161	59	73	177	191	103	
169	0.088204	60	101	15	54	5	154	20	48	85	195	118	151	36	126	53	69	24	150	174	142	94	84	146	180	112	104	93	2	181	183	187	144	67	14	164	3	147	193	136	27	185	110	32	115	186	68	37	100	28	172	77	105	22	42	176	44	188	76	95	1	83	
170	0.390160	37	101	15	54	5	154	20	48	85	195	118	151	36	126	53	69	24	150	174	142	94	84	146	180	112	104	93	2	181	183	187	144	67	14	164	3	147	193	
171	1.039214	2	101	15	
172	0.778876	1	101	
173	0.778876	1	15	
174	0.060432	35	54	5	154	20	48	85	195	118	151	36	126	53	69	24	150	174	142	94	84	146	180	112	104	93	2	181	183	187	144	67	14	164	3	147	193	
175	0.392833	10	54	5	154	20	48	85	195	118	151	36	
176	0.255077	9	54	5	154	20	48	85	195	118	151	
177	0.064503	3	54	5	154	
178	0.843295	2	54	5	
179	0.201951	1	54	
180	0.201951	1	5	
181	1.045246	1	154	
182	0.106134	6	20	48	85	195	118	151	
183	0.761155	4	20	48	85	195	
184	0.172235	3	20	48	85	
185	0.070223	1	20	
186	0.002378	2	48	85	
187	0.067846	1	48	
188	0.067846	1	85	
189	0.242459	1	195	
190	0.593079	2	118	151	
191	0.410535	1	118	
192	0.410535	1	151	
193	1.364826	1	36	
194	0.540287	25	126	53	69	24	150	174	142	94	84	146	180	112	104	93	2	181	183	187	144	67	14	164	3	147	193	
195	0.097373	6	126	53	69	24	150	174	
196	1.119998	1	126	
197	0.171558	5	53	69	24	150	174	
198	0.948440	1	53	
199	0.563064	4	69	24	150	174	
200	0.385376	1	69	
201	0.166065	3	24	150	174	
202	0.216755	2	24	150	
203	0.002556	1	24	
204	0.002556	1	150	
205	0.219311	1	174	
206	0.000949	19	142	94	84	146	180	112	104	93	2	181	183	187	144	67	14	164	3	147	193	
207	0.179994	5	142	94	84	146	180	
208	0.540990	3	142	94	84	
209	0.193668	2	142	94	
210	0.301769	1	142	
211	0.301769	1	94	
212	0.495437	1	84	
213	0.211507	2	146	180	
214	0.824920	1	146	
215	0.824920	1	180	
216	0.158832	14	112	104	93	2	181	183	187	144	67	14	164	3	147	193	
217	0.579905	2	112	104	
218	0.477684	1	112	
219	0.477684	1	104	
220	0.051225	12	93	2	181	183	187	144	67	14	164	3	147	193	
221	0.331140	3	93	2	181	
222	0.675224	1	93	
223	0.256763	2	2	181	
224	0.418461	1	2	
225	0.418461	1	181	
226	0.371511	9	183	187	144	67	14	164	3	147	193	
227	0.211897	8	183	187	144	67	14	164	3	147	
228	0.166501	4	183	187	144	67	
229	0.256456	1	183	
230	0.146112	3	187	144	67	
231	0.110344	1	187	
232	0.057355	2	144	67	
233	0.052988	1	144	
234	0.052988	1	67	
235	0.026167	4	14	164	3	147	
236	0.396790	1	14	
237	0.291867	3	164	3	147	
238	0.104923	1	164	
239	0.088084	2	3	147	
240	0.016839	1	3	
241	0.016839	1	147	
242	0.634854	1	193	
243	0.122990	23	136	27	185	110	32	115	186	68	37	100	28	172	77	105	22	42	176	44	188	76	95	1	83	
244	0.129007	10	136	27	185	110	32	115	186	68	37	100	
245	1.191038	6	136	27	185	110	32	115	
246	0.519834	4	136	27	185	110	
247	0.150471	2	136	27	
248	0.094910	1	136	
249	0.094910	1	27	
250	0.111345	2	185	110	
251	0.134036	1	185	
252	0.134036	1	110	
253	0.090219	2	32	115	
254	0.674996	1	32	
255	0.674996	1	115	
256	0.342084	4	186	68	37	100	
257	1.234431	2	186	68	
258	0.379738	1	186	
259	0.379738	1	68	
260	1.424733	2	37	100	
261	0.189436	1	37	
262	0.189436	1	100	
263	0.161480	13	28	172	77	105	22	42	176	44	188	76	95	1	83	
264	1.923780	1	28	
265	0.559877	12	172	77	105	22	42	176	44	188	76	95	1	83	
266	0.462303	9	172	77	105	22	42	176	44	188	76	
267	0.014042	7	172	77	105	22	42	176	44	
268	0.326856	5	172	77	105	22	42	
269	0.227130	3	172	77	105	
270	0.333571	1	172	
271	0.045425	2	77	105	
272	0.288147	1	77	
273	0.288147	1	105	
274	0.149192	2	22	42	
275	0.411510	1	22	
276	0.411510	1	42	
277	0.745647	2	176	44	
278	0.141910	1	176	
279	0.141910	1	44	
280	0.876118	2	188	76	
281	0.025481	1	188	
282	0.025481	1	76	
283	0.622770	3	95	1	83	
284	0.475213	2	95	1	
285	0.265920	1	95	
286	0.265920	1	1	
287	0.741133	1	83	
288	0.002429	40	107	129	192	43	50	66	119	16	132	99	145	9	111	190	60	158	49	58	165	70	167	102	39	17	135	130	175	97	199	106	90	6	26	194	161	59	73	177	191	103	
289	0.392556	35	107	129	192	43	50	66	119	16	132	99	145	9	111	190	60	158	49	58	165	70	167	102	39	17	135	130	175	97	199	106	90	6	26	194	161	
290	0.218317	28	107	129	192	43	50	66	119	16	132	99	145	9	111	190	60	158	49	58	165	70	167	102	39	17	135	130	175	97	
291	0.303171	13	107	129	192	43	50	66	119	16	132	99	145	9	111	
292	0.213987	7	107	129	192	43	50	66	119	
293	0.035431	6	107	129	192	43	50	66	
294	0.612651	3	107	129	192	
295	0.517910	1	107	
296	0.240947	2	129	192	
297	0.276963	1	129	
298	0.276963	1	192	
299	0.885321	3	43	50	66	
300	0.034392	2	43	50	
301	0.210848	1	43	
302	0.210848	1	50	
303	0.245240	1	66	
304	1.165993	1	119	
305	0.485324	6	16	132	99	145	9	111	
306	0.719253	5	16	132	99	145	9	
307	0.175404	1	16	
308	0.038057	4	132	99	145	9	
309	0.137346	1	132	
310	0.092392	3	99	145	9	
311	0.008826	2	99	145	
312	0.036128	1	99	
313	0.036128	1	145	
314	0.044954	1	9	
315	0.894656	1	111	
316	0.185558	15	190	60	158	49	58	165	70	167	102	39	17	135	130	175	97	
317	0.652977	7	190	60	158	49	58	165	70	
318	0.805043	2	190	60	
319	0.039575	1	190	
320	0.039575	1	60	
321	0.319968	5	158	49	58	165	70	
322	0.091749	4	158	49	58	165	
323	0.203364	3	158	49	58	
324	0.229536	1	158	
325	0.159776	2	49	58	
326	0.069760	1	49	
327	0.069760	1	58	
328	0.432900	1	165	
329	0.524649	1	70	
330	0.720267	8	167	102	39	17	135	130	175	97	
331	0.207554	4	167	102	39	17	
332	0.496826	3	167	102	39	
333	0.064964	2	167	102	
334	0.007983	1	167	
335	0.007983	1	102	
336	0.072948	1	39	
337	0.569773	1	17	
338	0.356019	4	135	130	175	97	
339	0.377283	2	135	130	
340	0.044024	1	135	
341	0.044024	1	130	
342	0.196697	2	175	97	
343	0.224611	1	175	
344	0.224611	1	97	
345	1.080793	7	199	106	90	6	26	194	161	
346	0.189363	6	199	106	90	6	26	194	
347	0.040531	5	199	106	90	6	26	
348	0.151318	4	199	106	90	6	
349	0.308714	3	199	106	90	
350	0.130751	1	199	
351	0.054432	2	106	90	
352	0.076319	1	106	
353	0.076319	1	90	
354	0.439465	1	6	
355	0.590782	1	26	
356	0.631313	1	194	
357	0.820676	1	161	
358	0.284960	5	59	73	177	191	103	
359	2.009064	1	59	
360	0.142279	4	73	177	191	103	
361	1.866785	1	73	
362	1.814345	3	177	191	103	
363	0.052439	1	177	
364	0.024724	2	191	103	
365	0.027716	1	191	
366	0.027716	1	103	
367	0.196554	10	163	117	47	41	120	63	31	148	61	171	
368	1.212310	3	163	117	47	
369	0.855875	2	163	117	
370	0.391646	1	163	
371	0.391646	1	117	
372	1.247521	1	47	
373	1.767164	7	41	120	63	31	148	61	171	
374	0.692667	1	41	
375	0.145734	6	120	63	31	148	61	171	
376	0.083999	4	120	63	31	148	
377	0.259284	2	120	63	
378	0.203650	1	120	
379	0.203650	1	63	
380	0.088069	2	31	148	
381	0.374865	1	31	
382	0.374865	1	148	
383	0.098438	2	61	171	
384	0.448495	1	61	
385	0.448495	1	171	
386	1.963821	7	169	178	108	74	82	62	40	
387	0.280943	4	169	178	108	74	
388	0.414840	2	169	178	
389	0.148666	1	169	
390	0.148666	1	178	
391	0.125115	2	108	74	
392	0.438391	1	108	
393	0.438391	1	74	
394	0.600896	3	82	62	40	
395	0.241398	2	82	62	
396	0.002154	1	82	
397	0.002154	1	62	
398	0.243553	1	40	
It	Lh	Lh + Prior	No Pram	Alpha	Sigma^2	Alpha Scale Prior	Node ID	Scaler	Creat It	Node / Branch	
4000	-260.915556	-327.621265	22	0.414289	0.779913	1.100000	168	4.147925	2995	Branch	288	3.152101	232	Node	170	22.703243	1962	Branch	290	5.874103	3615	Branch	290	3.055937	580	Node	1	2.758672	2471	Branch	330	0.376383	2112	Branch	16	6.610909	3836	Branch	346	7.184268	3842	Node	358	5.314449	2230	Branch	256	6.114593	2496	Branch	139	0.452116	2634	Branch	269	11.549469	183	Branch	395	3.989203	810	Branch	53	4.356898	1700	Node	14	0.154191	3447	Branch	46	2.120246	2914	Branch	193	15.107126	3953	Branch	78	1.963462	2989	Branch	180	4.048607	3640	Branch	163	4.111530	3391	Branch	49	10.303115	3590	Branch	
5000	-263.568298	-333.470779	23	0.988611	0.898007	1.100000	168	2.129354	2995	Branch	288	5.506637	2230	Branch	288	4.773456	232	Node	170	22.224939	1962	Branch	290	2.252213	580	Node	1	1.421861	2471	Branch	316	6.864346	3615	Branch	133	36.599573	4796	Branch	330	1.519642	2112	Branch	267	0.753652	4483	Node	195	4.765257	4666	Branch	177	4.469713	3640	Branch	101	4.771079	4554	Node	53	4.354896	1700	Node	162	4.429914	3391	Branch	395	5.061694	810	Branch	257	6.145143	2496	Branch	311	1.246188	4694	Node	58	6.704122	4383	Branch	14	1.826762	3447	Branch	140	1.306185	2634	Branch	27	7.144757	3836	Branch	46	2.430932	2914	Branch	
6000	-263.411115	-337.724785	24	1.696601	0.691878	1.100000	168	3.723650	2995	Branch	288	3.534059	232	Node	170	21.479123	1962	Branch	87	37.486170	4796	Branch	290	2.682286	580	Node	1	0.318767	2471	Branch	358	4.391800	2230	Branch	38	2.872656	2914	Branch	246	3.856024	5444	Branch	387	17.107363	5693	Branch	99	1.733709	4554	Node	208	7.515708	5774	Node	177	2.411455	3640	Branch	53	4.096594	1700	Node	26	8.961039	3836	Branch	159	2.121224	5234	Node	395	5.504088	810	Branch	311	1.631740	4694	Node	339	2.938312	5985	Node	249	2.823233	5278	Branch	60	7.582556	4383	Branch	13	1.990757	3447	Branch	258	6.470331	2496	Branch	196	6.037691	4666	Branch	
7000	-262.247263	-328.947836	22	1.044335	0.669003	1.100000	168	4.911004	2995	Branch	288	4.548429	232	Node	170	18.860943	1962	Branch	87	38.186553	4796	Branch	290	2.586270	580	Node	245	0.332715	6911	Node	195	5.753305	4666	Branch	358	4.023686	2230	Branch	246	2.183858	5444	Branch	39	4.971505	6571	Node	151	2.262217	6605	Node	351	6.036548	6871	Node	12	2.847614	3447	Branch	8	1.580505	2471	Branch	159	6.769228	5234	Node	53	3.472375	6929	Node	249	2.525977	5278	Branch	189	1.629863	6351	Branch	163	0.322626	6773	Branch	28	8.270619	3836	Branch	212	0.435074	6427	Branch	264	2.223189	6932	Branch	
8000	-262.804690	-335.813865	24	1.700285	0.737452	1.100000	288	5.657619	232	Node	289	9.462446	7935	Branch	194	10.063683	7679	Branch	68	39.162703	4796	Branch	15	15.188871	7160	Branch	317	1.518586	7823	Node	37	2.341504	7512	Branch	195	6.624055	4666	Branch	207	2.711834	7462	Branch	38	4.830153	6571	Node	308	0.355747	7609	Branch	6	0.161329	2471	Branch	237	1.767962	7846	Branch	57	0.920017	6929	Node	151	3.238966	6605	Node	26	6.877439	3836	Branch	162	1.276010	6773	Branch	281	1.656826	7490	Branch	251	4.742860	5444	Branch	129	6.746793	7787	Branch	212	1.634958	6427	Branch	13	7.509948	3447	Branch	189	1.737167	6351	Branch	385	3.562650	7707	Branch	
9000	-262.713067	-317.349660	17	1.448596	0.822251	1.100000	288	14.918494	232	Node	290	10.403375	7935	Branch	194	19.349194	7679	Branch	68	41.698919	4796	Branch	207	1.101977	8021	Node	38	3.160544	7512	Branch	151	0.596832	6605	Node	57	3.254008	6929	Node	383	4.252638	7707	Branch	12	1.049670	3447	Branch	213	3.350782	7462	Branch	43	5.076543	6571	Node	27	2.230228	3836	Branch	251	0.046906	5444	Branch	189	0.914043	6351	Branch	196	2.691376	4666	Branch	281	7.893733	7490	Branch	
10000	-260.955288	-320.613949	19	1.727255	0.873581	1.100000	288	6.172378	232	Node	87	22.915749	9626	Branch	194	7.746821	7679	Branch	206	3.102950	7462	Branch	220	5.170491	9265	Branch	292	28.265756	9403	Branch	91	1.642953	9162	Node	308	2.388764	9538	Branch	151	0.139209	6605	Node	12	0.223358	3447	Branch	395	4.710835	9640	Node	250	1.608401	5444	Branch	21	4.516479	9145	Node	196	4.664561	4666	Branch	7	19.850106	9031	Branch	191	3.037519	9184	Branch	189	2.782618	6351	Branch	24	0.736976	9421	Branch	281	5.935502	7490	Branch	
