10
0	t7
1	t5
2	t10
3	t6
4	t3
5	t4
6	t9
7	t8
8	t1
9	t2
19
0	0.656773	10	9	4	7	3	5	6	1	0	8	2	
1	0.201684	9	9	4	7	3	5	6	1	0	8	
2	1.189114	8	9	4	7	3	5	6	1	0	
3	0.670780	5	9	4	7	3	5	
4	1.442823	1	9	
5	0.758569	4	4	7	3	5	
6	0.684254	1	4	
7	0.049080	3	7	3	5	
8	0.635174	1	7	
9	0.347361	2	3	5	
10	0.287813	1	3	
11	0.287813	1	5	
12	0.210024	3	6	1	0	
13	1.903579	1	6	
14	1.313995	2	1	0	
15	0.589583	1	1	
16	0.589583	1	0	
17	3.302717	1	8	
18	3.504401	1	2	
It	Lh	Lh + Prior	No Pram	Alpha	Sigma^2	Alpha Scale Prior	Node ID	Scaler	Creat It	Node / Branch	
4000	-17.106903	-21.944131	1	1.004362	0.805940	1.100000	6	4.918647	3958	Branch	
5000	-17.853865	-22.918336	1	1.030815	2.011152	1.100000	2	0.073346	4989	Branch	
6000	-18.071425	-22.928650	1	1.434567	1.743537	1.100000	3	1.598102	5997	Branch	
7000	-17.384991	-29.866628	3	0.265209	0.786733	1.100000	2	14.590581	6995	Branch	7	10.557866	6971	Branch	6	5.779978	6919	Branch	
8000	-18.480081	-23.793004	1	1.030510	2.609395	1.100000	2	0.204371	7872	Node	
9000	-18.166780	-20.508438	0	0.819398	2.032186	1.100000	
10000	-19.699791	-23.019340	0	2.516767	2.730092	1.100000	
