400
0	t72
1	t114
2	t340
3	t367
4	t161
5	t38
6	t171
7	t36
8	t318
9	t202
10	t280
11	t191
12	t213
13	t129
14	t313
15	t59
16	t362
17	t49
18	t23
19	t239
20	t393
21	t57
22	t286
23	t168
24	t50
25	t332
26	t99
27	t234
28	t196
29	t70
30	t40
31	t228
32	t176
33	t96
34	t258
35	t345
36	t361
37	t32
38	t94
39	t162
40	t231
41	t359
42	t61
43	t385
44	t144
45	t5
46	t227
47	t373
48	t77
49	t238
50	t288
51	t103
52	t222
53	t2
54	t121
55	t102
56	t364
57	t253
58	t182
59	t251
60	t79
61	t216
62	t223
63	t246
64	t349
65	t352
66	t93
67	t321
68	t312
69	t3
70	t353
71	t209
72	t179
73	t271
74	t207
75	t48
76	t60
77	t383
78	t265
79	t307
80	t26
81	t203
82	t123
83	t122
84	t294
85	t346
86	t338
87	t22
88	t15
89	t388
90	t172
91	t180
92	t74
93	t128
94	t88
95	t254
96	t390
97	t199
98	t44
99	t97
100	t236
101	t193
102	t181
103	t158
104	t372
105	t283
106	t305
107	t392
108	t55
109	t4
110	t31
111	t37
112	t140
113	t175
114	t394
115	t19
116	t184
117	t356
118	t39
119	t146
120	t67
121	t360
122	t195
123	t178
124	t382
125	t391
126	t212
127	t317
128	t165
129	t232
130	t384
131	t30
132	t277
133	t51
134	t186
135	t138
136	t260
137	t355
138	t56
139	t18
140	t328
141	t301
142	t137
143	t244
144	t86
145	t95
146	t363
147	t189
148	t295
149	t25
150	t350
151	t52
152	t117
153	t358
154	t113
155	t151
156	t109
157	t75
158	t98
159	t134
160	t105
161	t267
162	t297
163	t226
164	t208
165	t287
166	t45
167	t185
168	t14
169	t389
170	t365
171	t187
172	t27
173	t396
174	t298
175	t64
176	t249
177	t80
178	t324
179	t92
180	t366
181	t136
182	t188
183	t69
184	t155
185	t377
186	t368
187	t21
188	t302
189	t34
190	t28
191	t133
192	t90
193	t306
194	t334
195	t33
196	t35
197	t268
198	t159
199	t322
200	t218
201	t374
202	t87
203	t217
204	t120
205	t331
206	t221
207	t145
208	t281
209	t63
210	t183
211	t6
212	t323
213	t197
214	t81
215	t9
216	t376
217	t300
218	t131
219	t333
220	t314
221	t292
222	t76
223	t290
224	t311
225	t230
226	t147
227	t62
228	t53
229	t233
230	t240
231	t177
232	t142
233	t344
234	t152
235	t354
236	t85
237	t46
238	t386
239	t319
240	t309
241	t29
242	t132
243	t148
244	t11
245	t325
246	t13
247	t304
248	t7
249	t115
250	t282
251	t200
252	t269
253	t284
254	t163
255	t82
256	t229
257	t8
258	t206
259	t261
260	t108
261	t235
262	t24
263	t293
264	t341
265	t71
266	t153
267	t257
268	t264
269	t111
270	t285
271	t395
272	t204
273	t245
274	t381
275	t335
276	t351
277	t83
278	t12
279	t219
280	t125
281	t89
282	t339
283	t210
284	t369
285	t375
286	t308
287	t157
288	t399
289	t16
290	t266
291	t65
292	t116
293	t104
294	t149
295	t166
296	t250
297	t215
298	t378
299	t124
300	t398
301	t211
302	t190
303	t274
304	t167
305	t91
306	t276
307	t139
308	t329
309	t273
310	t198
311	t126
312	t262
313	t289
314	t66
315	t343
316	t127
317	t118
318	t20
319	t327
320	t106
321	t243
322	t310
323	t320
324	t100
325	t225
326	t337
327	t194
328	t47
329	t380
330	t1
331	t224
332	t156
333	t242
334	t252
335	t154
336	t130
337	t316
338	t371
339	t299
340	t220
341	t270
342	t278
343	t73
344	t348
345	t107
346	t150
347	t330
348	t119
349	t272
350	t205
351	t42
352	t43
353	t296
354	t141
355	t370
356	t275
357	t279
358	t387
359	t397
360	t68
361	t10
362	t160
363	t84
364	t17
365	t259
366	t347
367	t54
368	t164
369	t303
370	t173
371	t400
372	t135
373	t248
374	t247
375	t169
376	t78
377	t326
378	t336
379	t315
380	t101
381	t241
382	t192
383	t263
384	t110
385	t201
386	t41
387	t379
388	t255
389	t357
390	t214
391	t143
392	t256
393	t237
394	t170
395	t342
396	t174
397	t58
398	t112
399	t291
799
0	0.003865	400	8	376	381	30	126	26	303	395	343	42	313	141	112	368	215	144	89	314	39	115	373	16	95	257	317	266	123	87	241	91	370	380	269	160	324	172	105	382	389	237	101	302	63	200	18	363	326	276	186	233	399	161	111	10	71	107	45	137	78	193	337	83	34	15	256	117	109	374	110	27	135	62	308	192	73	242	191	168	397	205	70	258	254	153	90	329	20	240	252	250	21	379	32	294	213	318	13	188	104	41	246	207	260	108	228	50	230	178	330	165	354	129	222	292	140	121	210	350	148	272	305	116	139	372	209	93	199	384	1	80	255	195	100	185	216	177	132	159	356	325	187	171	114	203	118	175	5	264	150	286	146	6	229	154	366	2	173	218	236	280	67	248	217	288	106	119	259	162	142	19	307	156	394	68	46	86	202	128	387	103	52	81	174	66	334	24	358	76	388	268	390	37	201	369	179	96	36	130	61	43	99	273	290	278	261	98	125	386	17	4	29	12	304	127	271	279	147	14	183	312	33	38	378	331	224	375	31	262	169	226	287	321	133	163	235	297	59	371	315	35	138	131	53	3	206	341	55	234	223	291	166	253	310	277	247	176	298	225	197	243	270	198	75	11	194	353	342	352	283	333	94	48	319	124	92	136	340	102	69	336	339	285	346	251	190	214	219	316	122	249	245	232	152	309	323	377	364	7	0	60	155	204	149	398	231	274	196	40	208	220	239	211	157	97	134	181	367	349	263	212	47	361	335	357	82	360	88	344	9	238	300	221	164	180	143	44	57	54	28	74	301	284	167	22	227	359	293	151	383	355	49	64	275	56	79	393	347	322	182	282	85	25	396	385	77	332	184	65	295	348	338	351	391	84	345	72	392	145	158	23	189	289	281	51	113	306	267	311	244	170	120	265	362	320	328	365	296	58	327	299	
1	0.236808	25	8	376	381	30	126	26	303	395	343	42	313	141	112	368	215	144	89	314	39	115	373	16	95	257	317	
2	2.691148	18	8	376	381	30	126	26	303	395	343	42	313	141	112	368	215	144	89	314	
3	0.857665	8	8	376	381	30	126	26	303	395	
4	1.666486	1	8	
5	0.497673	7	376	381	30	126	26	303	395	
6	0.843622	5	376	381	30	126	26	
7	0.053528	4	376	381	30	126	
8	0.271663	1	376	
9	0.024077	3	381	30	126	
10	0.132069	2	381	30	
11	0.115517	1	381	
12	0.115517	1	30	
13	0.247586	1	126	
14	0.325191	1	26	
15	0.981767	2	303	395	
16	0.187046	1	303	
17	0.187046	1	395	
18	1.633976	10	343	42	313	141	112	368	215	144	89	314	
19	0.512652	3	343	42	313	
20	0.297151	2	343	42	
21	0.080371	1	343	
22	0.080371	1	42	
23	0.377523	1	313	
24	0.280082	7	141	112	368	215	144	89	314	
25	0.402994	3	141	112	368	
26	0.110807	2	141	112	
27	0.096292	1	141	
28	0.096292	1	112	
29	0.207099	1	368	
30	0.114464	4	215	144	89	314	
31	0.178290	2	215	144	
32	0.317338	1	215	
33	0.317338	1	144	
34	0.140475	2	89	314	
35	0.355153	1	89	
36	0.355153	1	314	
37	4.108125	7	39	115	373	16	95	257	317	
38	1.107174	1	39	
39	0.508725	6	115	373	16	95	257	317	
40	0.074450	2	115	373	
41	0.523999	1	115	
42	0.523999	1	373	
43	0.022014	4	16	95	257	317	
44	0.146651	2	16	95	
45	0.429784	1	16	
46	0.429784	1	95	
47	0.279227	2	257	317	
48	0.297208	1	257	
49	0.297208	1	317	
50	0.582621	375	266	123	87	241	91	370	380	269	160	324	172	105	382	389	237	101	302	63	200	18	363	326	276	186	233	399	161	111	10	71	107	45	137	78	193	337	83	34	15	256	117	109	374	110	27	135	62	308	192	73	242	191	168	397	205	70	258	254	153	90	329	20	240	252	250	21	379	32	294	213	318	13	188	104	41	246	207	260	108	228	50	230	178	330	165	354	129	222	292	140	121	210	350	148	272	305	116	139	372	209	93	199	384	1	80	255	195	100	185	216	177	132	159	356	325	187	171	114	203	118	175	5	264	150	286	146	6	229	154	366	2	173	218	236	280	67	248	217	288	106	119	259	162	142	19	307	156	394	68	46	86	202	128	387	103	52	81	174	66	334	24	358	76	388	268	390	37	201	369	179	96	36	130	61	43	99	273	290	278	261	98	125	386	17	4	29	12	304	127	271	279	147	14	183	312	33	38	378	331	224	375	31	262	169	226	287	321	133	163	235	297	59	371	315	35	138	131	53	3	206	341	55	234	223	291	166	253	310	277	247	176	298	225	197	243	270	198	75	11	194	353	342	352	283	333	94	48	319	124	92	136	340	102	69	336	339	285	346	251	190	214	219	316	122	249	245	232	152	309	323	377	364	7	0	60	155	204	149	398	231	274	196	40	208	220	239	211	157	97	134	181	367	349	263	212	47	361	335	357	82	360	88	344	9	238	300	221	164	180	143	44	57	54	28	74	301	284	167	22	227	359	293	151	383	355	49	64	275	56	79	393	347	322	182	282	85	25	396	385	77	332	184	65	295	348	338	351	391	84	345	72	392	145	158	23	189	289	281	51	113	306	267	311	244	170	120	265	362	320	328	365	296	58	327	299	
51	0.848813	184	266	123	87	241	91	370	380	269	160	324	172	105	382	389	237	101	302	63	200	18	363	326	276	186	233	399	161	111	10	71	107	45	137	78	193	337	83	34	15	256	117	109	374	110	27	135	62	308	192	73	242	191	168	397	205	70	258	254	153	90	329	20	240	252	250	21	379	32	294	213	318	13	188	104	41	246	207	260	108	228	50	230	178	330	165	354	129	222	292	140	121	210	350	148	272	305	116	139	372	209	93	199	384	1	80	255	195	100	185	216	177	132	159	356	325	187	171	114	203	118	175	5	264	150	286	146	6	229	154	366	2	173	218	236	280	67	248	217	288	106	119	259	162	142	19	307	156	394	68	46	86	202	128	387	103	52	81	174	66	334	24	358	76	388	268	390	37	201	369	179	96	36	130	61	43	99	273	290	278	261	98	125	386	17	
52	0.610708	80	266	123	87	241	91	370	380	269	160	324	172	105	382	389	237	101	302	63	200	18	363	326	276	186	233	399	161	111	10	71	107	45	137	78	193	337	83	34	15	256	117	109	374	110	27	135	62	308	192	73	242	191	168	397	205	70	258	254	153	90	329	20	240	252	250	21	379	32	294	213	318	13	188	104	41	246	207	260	108	228	
53	1.978146	28	266	123	87	241	91	370	380	269	160	324	172	105	382	389	237	101	302	63	200	18	363	326	276	186	233	399	161	111	
54	0.168649	17	266	123	87	241	91	370	380	269	160	324	172	105	382	389	237	101	302	
55	0.284175	5	266	123	87	241	91	
56	0.361204	2	266	123	
57	0.617792	1	266	
58	0.617792	1	123	
59	0.491121	3	87	241	91	
60	0.487875	1	87	
61	0.307604	2	241	91	
62	0.180272	1	241	
63	0.180272	1	91	
64	0.242475	12	370	380	269	160	324	172	105	382	389	237	101	302	
65	0.177982	9	370	380	269	160	324	172	105	382	389	
66	0.238271	5	370	380	269	160	324	
67	0.183951	2	370	380	
68	0.420492	1	370	
69	0.420492	1	380	
70	0.497481	3	269	160	324	
71	0.106962	1	269	
72	0.009326	2	160	324	
73	0.097635	1	160	
74	0.097635	1	324	
75	0.034550	4	172	105	382	389	
76	0.035962	3	172	105	382	
77	0.772201	1	172	
78	0.767631	2	105	382	
79	0.004569	1	105	
80	0.004569	1	382	
81	0.808163	1	389	
82	0.244559	3	237	101	302	
83	0.706042	2	237	101	
84	0.070095	1	237	
85	0.070095	1	101	
86	0.776137	1	302	
87	0.216516	11	63	200	18	363	326	276	186	233	399	161	111	
88	0.055802	7	63	200	18	363	326	276	186	
89	0.618239	2	63	200	
90	0.541261	1	63	
91	0.541261	1	200	
92	0.599793	5	18	363	326	276	186	
93	0.559708	1	18	
94	0.144332	4	363	326	276	186	
95	0.415376	1	363	
96	0.017302	3	326	276	186	
97	0.398074	1	326	
98	0.298727	2	276	186	
99	0.099347	1	276	
100	0.099347	1	186	
101	0.533599	4	233	399	161	111	
102	0.292591	3	233	399	161	
103	0.052948	2	233	399	
104	0.336165	1	233	
105	0.336165	1	399	
106	0.389113	1	161	
107	0.681704	1	111	
108	0.374040	52	10	71	107	45	137	78	193	337	83	34	15	256	117	109	374	110	27	135	62	308	192	73	242	191	168	397	205	70	258	254	153	90	329	20	240	252	250	21	379	32	294	213	318	13	188	104	41	246	207	260	108	228	
109	0.110212	46	10	71	107	45	137	78	193	337	83	34	15	256	117	109	374	110	27	135	62	308	192	73	242	191	168	397	205	70	258	254	153	90	329	20	240	252	250	21	379	32	294	213	318	13	188	104	
110	0.162854	35	10	71	107	45	137	78	193	337	83	34	15	256	117	109	374	110	27	135	62	308	192	73	242	191	168	397	205	70	258	254	153	90	329	20	240	
111	0.277956	24	10	71	107	45	137	78	193	337	83	34	15	256	117	109	374	110	27	135	62	308	192	73	242	191	
112	0.255535	4	10	71	107	45	
113	0.849424	2	10	71	
114	1.379945	1	10	
115	1.379945	1	71	
116	1.050089	2	107	45	
117	1.179280	1	107	
118	1.179280	1	45	
119	0.906344	20	137	78	193	337	83	34	15	256	117	109	374	110	27	135	62	308	192	73	242	191	
120	0.849443	6	137	78	193	337	83	34	
121	0.118722	3	137	78	193	
122	0.221067	2	137	78	
123	0.389328	1	137	
124	0.389328	1	78	
125	0.610395	1	193	
126	0.640282	3	337	83	34	
127	0.084652	2	337	83	
128	0.004183	1	337	
129	0.004183	1	83	
130	0.088835	1	34	
131	0.022380	14	15	256	117	109	374	110	27	135	62	308	192	73	242	191	
132	0.604826	2	15	256	
133	0.951354	1	15	
134	0.951354	1	256	
135	0.139443	12	117	109	374	110	27	135	62	308	192	73	242	191	
136	0.691994	2	117	109	
137	0.724742	1	117	
138	0.724742	1	109	
139	0.052155	10	374	110	27	135	62	308	192	73	242	191	
140	1.364582	1	374	
141	0.361350	9	110	27	135	62	308	192	73	242	191	
142	1.003231	1	110	
143	0.550845	8	27	135	62	308	192	73	242	191	
144	0.452386	1	27	
145	0.004558	7	135	62	308	192	73	242	191	
146	0.047926	2	135	62	
147	0.399903	1	135	
148	0.399903	1	62	
149	0.225006	5	308	192	73	242	191	
150	0.222823	1	308	
151	0.022137	4	192	73	242	191	
152	0.200686	1	192	
153	0.011880	3	73	242	191	
154	0.188806	1	73	
155	0.039862	2	242	191	
156	0.148944	1	242	
157	0.148944	1	191	
158	1.677992	11	168	397	205	70	258	254	153	90	329	20	240	
159	0.186159	9	168	397	205	70	258	254	153	90	329	
160	0.318576	3	168	397	205	
161	0.260526	2	168	397	
162	0.319607	1	168	
163	0.319607	1	397	
164	0.580133	1	205	
165	0.135263	6	70	258	254	153	90	329	
166	0.684650	2	70	258	
167	0.078795	1	70	
168	0.078795	1	258	
169	0.101967	4	254	153	90	329	
170	0.135749	2	254	153	
171	0.525728	1	254	
172	0.525728	1	153	
173	0.490928	2	90	329	
174	0.170550	1	90	
175	0.170550	1	329	
176	0.381216	2	20	240	
177	0.703651	1	20	
178	0.703651	1	240	
179	0.290394	11	252	250	21	379	32	294	213	318	13	188	104	
180	1.197456	10	252	250	21	379	32	294	213	318	13	188	
181	0.312341	6	252	250	21	379	32	294	
182	0.065524	3	252	250	21	
183	0.914143	2	252	250	
184	0.145855	1	252	
185	0.145855	1	250	
186	1.059998	1	21	
187	0.539992	3	379	32	294	
188	0.585530	1	379	
189	0.137784	2	32	294	
190	0.447745	1	32	
191	0.447745	1	294	
192	0.680376	4	213	318	13	188	
193	0.234880	3	213	318	13	
194	0.522606	1	213	
195	0.306809	2	318	13	
196	0.215797	1	318	
197	0.215797	1	13	
198	0.757487	1	188	
199	2.635319	1	104	
200	2.217467	6	41	246	207	260	108	228	
201	0.783973	2	41	246	
202	0.034486	1	41	
203	0.034486	1	246	
204	0.239473	4	207	260	108	228	
205	0.578985	1	207	
206	0.061279	3	260	108	228	
207	0.213770	2	260	108	
208	0.303936	1	260	
209	0.303936	1	108	
210	0.517706	1	228	
211	0.566093	104	50	230	178	330	165	354	129	222	292	140	121	210	350	148	272	305	116	139	372	209	93	199	384	1	80	255	195	100	185	216	177	132	159	356	325	187	171	114	203	118	175	5	264	150	286	146	6	229	154	366	2	173	218	236	280	67	248	217	288	106	119	259	162	142	19	307	156	394	68	46	86	202	128	387	103	52	81	174	66	334	24	358	76	388	268	390	37	201	369	179	96	36	130	61	43	99	273	290	278	261	98	125	386	17	
212	1.068820	28	50	230	178	330	165	354	129	222	292	140	121	210	350	148	272	305	116	139	372	209	93	199	384	1	80	255	195	100	
213	0.671683	26	50	230	178	330	165	354	129	222	292	140	121	210	350	148	272	305	116	139	372	209	93	199	384	1	80	255	
214	0.855555	9	50	230	178	330	165	354	129	222	292	
215	0.631606	2	50	230	
216	0.226916	1	50	
217	0.226916	1	230	
218	0.182206	7	178	330	165	354	129	222	292	
219	0.676316	1	178	
220	0.045392	6	330	165	354	129	222	292	
221	0.115664	4	330	165	354	129	
222	0.072517	2	330	165	
223	0.442744	1	330	
224	0.442744	1	165	
225	0.335562	2	354	129	
226	0.179698	1	354	
227	0.179698	1	129	
228	0.563998	2	222	292	
229	0.066927	1	222	
230	0.066927	1	292	
231	0.046295	17	140	121	210	350	148	272	305	116	139	372	209	93	199	384	1	80	255	
232	0.172741	16	140	121	210	350	148	272	305	116	139	372	209	93	199	384	1	80	
233	0.257980	9	140	121	210	350	148	272	305	116	139	
234	0.025574	4	140	121	210	350	
235	0.861307	2	140	121	
236	0.350181	1	140	
237	0.350181	1	121	
238	0.874141	2	210	350	
239	0.337346	1	210	
240	0.337346	1	350	
241	0.665137	5	148	272	305	116	139	
242	0.304546	3	148	272	305	
243	0.267379	1	148	
244	0.255938	2	272	305	
245	0.011441	1	272	
246	0.011441	1	305	
247	0.528849	2	116	139	
248	0.043076	1	116	
249	0.043076	1	139	
250	0.695691	7	372	209	93	199	384	1	80	
251	0.799351	1	372	
252	0.012286	6	209	93	199	384	1	80	
253	0.282469	2	209	93	
254	0.504596	1	209	
255	0.504596	1	93	
256	0.114842	4	199	384	1	80	
257	0.617064	2	199	384	
258	0.055159	1	199	
259	0.055159	1	384	
260	0.642732	2	1	80	
261	0.029491	1	1	
262	0.029491	1	80	
263	1.667783	1	255	
264	2.163567	2	195	100	
265	0.222193	1	195	
266	0.222193	1	100	
267	0.678061	76	185	216	177	132	159	356	325	187	171	114	203	118	175	5	264	150	286	146	6	229	154	366	2	173	218	236	280	67	248	217	288	106	119	259	162	142	19	307	156	394	68	46	86	202	128	387	103	52	81	174	66	334	24	358	76	388	268	390	37	201	369	179	96	36	130	61	43	99	273	290	278	261	98	125	386	17	
268	0.409032	58	185	216	177	132	159	356	325	187	171	114	203	118	175	5	264	150	286	146	6	229	154	366	2	173	218	236	280	67	248	217	288	106	119	259	162	142	19	307	156	394	68	46	86	202	128	387	103	52	81	174	66	334	24	358	76	388	268	390	
269	0.642133	13	185	216	177	132	159	356	325	187	171	114	203	118	175	
270	1.211796	6	185	216	177	132	159	356	
271	0.053659	4	185	216	177	132	
272	0.459897	1	185	
273	0.114044	3	216	177	132	
274	0.079478	2	216	177	
275	0.266376	1	216	
276	0.266376	1	177	
277	0.345854	1	132	
278	0.313071	2	159	356	
279	0.200486	1	159	
280	0.200486	1	356	
281	0.506699	7	325	187	171	114	203	118	175	
282	0.836836	4	325	187	171	114	
283	0.188283	3	325	187	171	
284	0.193534	1	325	
285	0.030162	2	187	171	
286	0.163372	1	187	
287	0.163372	1	171	
288	0.381817	1	114	
289	0.770817	3	203	118	175	
290	0.447837	1	203	
291	0.068377	2	118	175	
292	0.379460	1	118	
293	0.379460	1	175	
294	0.648132	45	5	264	150	286	146	6	229	154	366	2	173	218	236	280	67	248	217	288	106	119	259	162	142	19	307	156	394	68	46	86	202	128	387	103	52	81	174	66	334	24	358	76	388	268	390	
295	0.029078	31	5	264	150	286	146	6	229	154	366	2	173	218	236	280	67	248	217	288	106	119	259	162	142	19	307	156	394	68	46	86	202	
296	1.630295	2	5	264	
297	0.059981	1	5	
298	0.059981	1	264	
299	0.310079	29	150	286	146	6	229	154	366	2	173	218	236	280	67	248	217	288	106	119	259	162	142	19	307	156	394	68	46	86	202	
300	0.458502	11	150	286	146	6	229	154	366	2	173	218	236	
301	0.921694	1	150	
302	0.197055	10	286	146	6	229	154	366	2	173	218	236	
303	0.099849	9	286	146	6	229	154	366	2	173	218	
304	0.171908	7	286	146	6	229	154	366	2	
305	0.027013	6	286	146	6	229	154	366	
306	0.034708	2	286	146	
307	0.391161	1	286	
308	0.391161	1	146	
309	0.116659	4	6	229	154	366	
310	0.110508	2	6	229	
311	0.198701	1	6	
312	0.198701	1	229	
313	0.179828	2	154	366	
314	0.129382	1	154	
315	0.129382	1	366	
316	0.452881	1	2	
317	0.488884	2	173	218	
318	0.135905	1	173	
319	0.135905	1	218	
320	0.724639	1	236	
321	0.057002	18	280	67	248	217	288	106	119	259	162	142	19	307	156	394	68	46	86	202	
322	0.460314	14	280	67	248	217	288	106	119	259	162	142	19	307	156	394	
323	0.239736	10	280	67	248	217	288	106	119	259	162	142	
324	0.019346	4	280	67	248	217	
325	0.553248	2	280	67	
326	0.050551	1	280	
327	0.050551	1	67	
328	0.183629	2	248	217	
329	0.420171	1	248	
330	0.420171	1	217	
331	0.037636	6	288	106	119	259	162	142	
332	0.027245	5	288	106	119	259	162	
333	0.112339	4	288	106	119	259	
334	0.445925	1	288	
335	0.192350	3	106	119	259	
336	0.253575	1	106	
337	0.242352	2	119	259	
338	0.011223	1	119	
339	0.011223	1	259	
340	0.558264	1	162	
341	0.585509	1	142	
342	0.070541	4	19	307	156	394	
343	0.792339	1	19	
344	0.778998	3	307	156	394	
345	0.003088	2	307	156	
346	0.010253	1	307	
347	0.010253	1	156	
348	0.013341	1	394	
349	0.138454	4	68	46	86	202	
350	0.368468	2	68	46	
351	0.816273	1	68	
352	0.816273	1	46	
353	0.934239	2	86	202	
354	0.250502	1	86	
355	0.250502	1	202	
356	0.394794	14	128	387	103	52	81	174	66	334	24	358	76	388	268	390	
357	0.613238	5	128	387	103	52	81	
358	0.530550	2	128	387	
359	0.180773	1	128	
360	0.180773	1	387	
361	0.073907	3	103	52	81	
362	0.510790	2	103	52	
363	0.126626	1	103	
364	0.126626	1	52	
365	0.637416	1	81	
366	0.718894	9	174	66	334	24	358	76	388	268	390	
367	0.013700	4	174	66	334	24	
368	0.591967	1	174	
369	0.110364	3	66	334	24	
370	0.481603	1	66	
371	0.430610	2	334	24	
372	0.050993	1	334	
373	0.050993	1	24	
374	0.178241	5	358	76	388	268	390	
375	0.052386	4	358	76	388	268	
376	0.268483	2	358	76	
377	0.106557	1	358	
378	0.106557	1	76	
379	0.044181	2	388	268	
380	0.330859	1	388	
381	0.330859	1	268	
382	0.427426	1	390	
383	1.452032	18	37	201	369	179	96	36	130	61	43	99	273	290	278	261	98	125	386	17	
384	0.258234	6	37	201	369	179	96	36	
385	0.309000	2	37	201	
386	0.757252	1	37	
387	0.757252	1	201	
388	0.802941	4	369	179	96	36	
389	0.138549	3	369	179	96	
390	0.124763	1	369	
391	0.080461	2	179	96	
392	0.044302	1	179	
393	0.044302	1	96	
394	0.263312	1	36	
395	0.073927	12	130	61	43	99	273	290	278	261	98	125	386	17	
396	0.045540	9	130	61	43	99	273	290	278	261	98	
397	0.028306	8	130	61	43	99	273	290	278	261	
398	0.322283	5	130	61	43	99	273	
399	0.040544	3	130	61	43	
400	0.080331	2	130	61	
401	0.733556	1	130	
402	0.733556	1	61	
403	0.813887	1	43	
404	0.570238	2	99	273	
405	0.284192	1	99	
406	0.284192	1	273	
407	0.491533	3	290	278	261	
408	0.685181	1	290	
409	0.623229	2	278	261	
410	0.061951	1	278	
411	0.061951	1	261	
412	1.205020	1	98	
413	0.936945	3	125	386	17	
414	0.313614	1	125	
415	0.043953	2	386	17	
416	0.269661	1	386	
417	0.269661	1	17	
418	1.197022	191	4	29	12	304	127	271	279	147	14	183	312	33	38	378	331	224	375	31	262	169	226	287	321	133	163	235	297	59	371	315	35	138	131	53	3	206	341	55	234	223	291	166	253	310	277	247	176	298	225	197	243	270	198	75	11	194	353	342	352	283	333	94	48	319	124	92	136	340	102	69	336	339	285	346	251	190	214	219	316	122	249	245	232	152	309	323	377	364	7	0	60	155	204	149	398	231	274	196	40	208	220	239	211	157	97	134	181	367	349	263	212	47	361	335	357	82	360	88	344	9	238	300	221	164	180	143	44	57	54	28	74	301	284	167	22	227	359	293	151	383	355	49	64	275	56	79	393	347	322	182	282	85	25	396	385	77	332	184	65	295	348	338	351	391	84	345	72	392	145	158	23	189	289	281	51	113	306	267	311	244	170	120	265	362	320	328	365	296	58	327	299	
419	1.863176	28	4	29	12	304	127	271	279	147	14	183	312	33	38	378	331	224	375	31	262	169	226	287	321	133	163	235	297	59	
420	0.068676	14	4	29	12	304	127	271	279	147	14	183	312	33	38	378	
421	0.044637	13	4	29	12	304	127	271	279	147	14	183	312	33	38	
422	1.004629	6	4	29	12	304	127	271	
423	0.098084	4	4	29	12	304	
424	0.593262	1	4	
425	0.414818	3	29	12	304	
426	0.090732	2	29	12	
427	0.087712	1	29	
428	0.087712	1	12	
429	0.178444	1	304	
430	0.628485	2	127	271	
431	0.062860	1	127	
432	0.062860	1	271	
433	0.253776	7	279	147	14	183	312	33	38	
434	0.453530	5	279	147	14	183	312	
435	0.724274	4	279	147	14	183	
436	0.234864	2	279	147	
437	0.029530	1	279	
438	0.029530	1	147	
439	0.102003	2	14	183	
440	0.162391	1	14	
441	0.162391	1	183	
442	0.988668	1	312	
443	1.407072	2	33	38	
444	0.035126	1	33	
445	0.035126	1	38	
446	1.740612	1	378	
447	0.868594	14	331	224	375	31	262	169	226	287	321	133	163	235	297	59	
448	0.019983	11	331	224	375	31	262	169	226	287	321	133	163	
449	0.235361	9	331	224	375	31	262	169	226	287	321	
450	0.085923	6	331	224	375	31	262	169	
451	0.170619	3	331	224	375	
452	0.031308	2	331	224	
453	0.397500	1	331	
454	0.397500	1	224	
455	0.428808	1	375	
456	0.410636	3	31	262	169	
457	0.154764	2	31	262	
458	0.034027	1	31	
459	0.034027	1	262	
460	0.188791	1	169	
461	0.203705	3	226	287	321	
462	0.481644	1	226	
463	0.339898	2	287	321	
464	0.141746	1	287	
465	0.141746	1	321	
466	0.893645	2	133	163	
467	0.027066	1	133	
468	0.027066	1	163	
469	0.518868	3	235	297	59	
470	0.421826	1	235	
471	0.079167	2	297	59	
472	0.342659	1	297	
473	0.342659	1	59	
474	1.007502	163	371	315	35	138	131	53	3	206	341	55	234	223	291	166	253	310	277	247	176	298	225	197	243	270	198	75	11	194	353	342	352	283	333	94	48	319	124	92	136	340	102	69	336	339	285	346	251	190	214	219	316	122	249	245	232	152	309	323	377	364	7	0	60	155	204	149	398	231	274	196	40	208	220	239	211	157	97	134	181	367	349	263	212	47	361	335	357	82	360	88	344	9	238	300	221	164	180	143	44	57	54	28	74	301	284	167	22	227	359	293	151	383	355	49	64	275	56	79	393	347	322	182	282	85	25	396	385	77	332	184	65	295	348	338	351	391	84	345	72	392	145	158	23	189	289	281	51	113	306	267	311	244	170	120	265	362	320	328	365	296	58	327	299	
475	0.365645	118	371	315	35	138	131	53	3	206	341	55	234	223	291	166	253	310	277	247	176	298	225	197	243	270	198	75	11	194	353	342	352	283	333	94	48	319	124	92	136	340	102	69	336	339	285	346	251	190	214	219	316	122	249	245	232	152	309	323	377	364	7	0	60	155	204	149	398	231	274	196	40	208	220	239	211	157	97	134	181	367	349	263	212	47	361	335	357	82	360	88	344	9	238	300	221	164	180	143	44	57	54	28	74	301	284	167	22	227	359	293	151	383	355	49	64	275	56	79	
476	0.209259	61	371	315	35	138	131	53	3	206	341	55	234	223	291	166	253	310	277	247	176	298	225	197	243	270	198	75	11	194	353	342	352	283	333	94	48	319	124	92	136	340	102	69	336	339	285	346	251	190	214	219	316	122	249	245	232	152	309	323	377	364	7	
477	0.099479	46	371	315	35	138	131	53	3	206	341	55	234	223	291	166	253	310	277	247	176	298	225	197	243	270	198	75	11	194	353	342	352	283	333	94	48	319	124	92	136	340	102	69	336	339	285	346	
478	0.161734	41	371	315	35	138	131	53	3	206	341	55	234	223	291	166	253	310	277	247	176	298	225	197	243	270	198	75	11	194	353	342	352	283	333	94	48	319	124	92	136	340	102	
479	0.125306	25	371	315	35	138	131	53	3	206	341	55	234	223	291	166	253	310	277	247	176	298	225	197	243	270	198	
480	1.335389	2	371	315	
481	0.368148	1	371	
482	0.368148	1	315	
483	0.059768	23	35	138	131	53	3	206	341	55	234	223	291	166	253	310	277	247	176	298	225	197	243	270	198	
484	0.313439	15	35	138	131	53	3	206	341	55	234	223	291	166	253	310	277	
485	0.006317	5	35	138	131	53	3	
486	0.890046	2	35	138	
487	0.433968	1	35	
488	0.433968	1	138	
489	0.668590	3	131	53	3	
490	0.655424	1	131	
491	0.381824	2	53	3	
492	0.273599	1	53	
493	0.273599	1	3	
494	0.422360	10	206	341	55	234	223	291	166	253	310	277	
495	0.433311	5	206	341	55	234	223	
496	0.324332	4	206	341	55	234	
497	0.128508	2	206	341	
498	0.021819	1	206	
499	0.021819	1	341	
500	0.086240	2	55	234	
501	0.064087	1	55	
502	0.064087	1	234	
503	0.474659	1	223	
504	0.637238	5	291	166	253	310	277	
505	0.196110	2	291	166	
506	0.074622	1	291	
507	0.074622	1	166	
508	0.069124	3	253	310	277	
509	0.201608	1	253	
510	0.201347	2	310	277	
511	0.000261	1	310	
512	0.000261	1	277	
513	1.223382	8	247	176	298	225	197	243	270	198	
514	0.108737	7	247	176	298	225	197	243	270	
515	0.270094	2	247	176	
516	0.041556	1	247	
517	0.041556	1	176	
518	0.189971	5	298	225	197	243	270	
519	0.031322	3	298	225	197	
520	0.090357	1	298	
521	0.089378	2	225	197	
522	0.000979	1	225	
523	0.000979	1	197	
524	0.084947	2	243	270	
525	0.036732	1	243	
526	0.036732	1	270	
527	0.420387	1	198	
528	0.045958	16	75	11	194	353	342	352	283	333	94	48	319	124	92	136	340	102	
529	1.563557	2	75	11	
530	0.219329	1	75	
531	0.219329	1	11	
532	0.313750	14	194	353	342	352	283	333	94	48	319	124	92	136	340	102	
533	0.989340	4	194	353	342	352	
534	0.292828	2	194	353	
535	0.186968	1	194	
536	0.186968	1	353	
537	0.192096	2	342	352	
538	0.287699	1	342	
539	0.287699	1	352	
540	0.173844	10	283	333	94	48	319	124	92	136	340	102	
541	0.232626	5	283	333	94	48	319	
542	1.062666	1	283	
543	0.572793	4	333	94	48	319	
544	0.269991	3	333	94	48	
545	0.203829	2	333	94	
546	0.016053	1	333	
547	0.016053	1	94	
548	0.219882	1	48	
549	0.489873	1	319	
550	0.449035	5	124	92	136	340	102	
551	0.846257	1	124	
552	0.401887	4	92	136	340	102	
553	0.070566	3	92	136	340	
554	0.373805	1	92	
555	0.308006	2	136	340	
556	0.065799	1	136	
557	0.065799	1	340	
558	0.444371	1	102	
559	0.641880	5	69	336	339	285	346	
560	1.177154	2	69	336	
561	0.171544	1	69	
562	0.171544	1	336	
563	0.594654	3	339	285	346	
564	0.754044	1	339	
565	0.458007	2	285	346	
566	0.296037	1	285	
567	0.296037	1	346	
568	0.641593	15	251	190	214	219	316	122	249	245	232	152	309	323	377	364	7	
569	1.359920	3	251	190	214	
570	0.088544	1	251	
571	0.001892	2	190	214	
572	0.086653	1	190	
573	0.086653	1	214	
574	0.472940	12	219	316	122	249	245	232	152	309	323	377	364	7	
575	0.396471	4	219	316	122	249	
576	0.185486	3	219	316	122	
577	0.369765	2	219	316	
578	0.023803	1	219	
579	0.023803	1	316	
580	0.393568	1	122	
581	0.579054	1	249	
582	0.088984	8	245	232	152	309	323	377	364	7	
583	0.165305	7	245	232	152	309	323	377	364	
584	0.721235	1	245	
585	0.145370	6	232	152	309	323	377	364	
586	0.185717	4	232	152	309	323	
587	0.164942	3	232	152	309	
588	0.225206	1	232	
589	0.196324	2	152	309	
590	0.028882	1	152	
591	0.028882	1	309	
592	0.390149	1	323	
593	0.007764	2	377	364	
594	0.568102	1	377	
595	0.568102	1	364	
596	0.886541	1	7	
597	0.079375	57	0	60	155	204	149	398	231	274	196	40	208	220	239	211	157	97	134	181	367	349	263	212	47	361	335	357	82	360	88	344	9	238	300	221	164	180	143	44	57	54	28	74	301	284	167	22	227	359	293	151	383	355	49	64	275	56	79	
598	0.868144	7	0	60	155	204	149	398	231	
599	1.217397	2	0	60	
600	0.134401	1	0	
601	0.134401	1	60	
602	0.274955	5	155	204	149	398	231	
603	0.753935	2	155	204	
604	0.322908	1	155	
605	0.322908	1	204	
606	0.118861	3	149	398	231	
607	0.888375	2	149	398	
608	0.069607	1	149	
609	0.069607	1	398	
610	0.957982	1	231	
611	0.126461	50	274	196	40	208	220	239	211	157	97	134	181	367	349	263	212	47	361	335	357	82	360	88	344	9	238	300	221	164	180	143	44	57	54	28	74	301	284	167	22	227	359	293	151	383	355	49	64	275	56	79	
612	0.266740	22	274	196	40	208	220	239	211	157	97	134	181	367	349	263	212	47	361	335	357	82	360	88	
613	0.517367	2	274	196	
614	1.309374	1	274	
615	1.309374	1	196	
616	0.263422	20	40	208	220	239	211	157	97	134	181	367	349	263	212	47	361	335	357	82	360	88	
617	0.811229	5	40	208	220	239	211	
618	0.268287	3	40	208	220	
619	0.004598	2	40	208	
620	0.479205	1	40	
621	0.479205	1	208	
622	0.483803	1	220	
623	0.543988	2	239	211	
624	0.208102	1	239	
625	0.208102	1	211	
626	0.267048	15	157	97	134	181	367	349	263	212	47	361	335	357	82	360	88	
627	0.034386	12	157	97	134	181	367	349	263	212	47	361	335	357	
628	0.272540	8	157	97	134	181	367	349	263	212	
629	0.071335	6	157	97	134	181	367	349	
630	0.309259	5	157	97	134	181	367	
631	0.358801	3	157	97	134	
632	0.249949	1	157	
633	0.115094	2	97	134	
634	0.134855	1	97	
635	0.134855	1	134	
636	0.194346	2	181	367	
637	0.414405	1	181	
638	0.414405	1	367	
639	0.918010	1	349	
640	0.422126	2	263	212	
641	0.567219	1	263	
642	0.567219	1	212	
643	0.719125	4	47	361	335	357	
644	0.483171	3	47	361	335	
645	0.046735	2	47	361	
646	0.012855	1	47	
647	0.012855	1	361	
648	0.059589	1	335	
649	0.542760	1	357	
650	0.589840	3	82	360	88	
651	0.188966	2	82	360	
652	0.517464	1	82	
653	0.517464	1	360	
654	0.706430	1	88	
655	0.063506	28	344	9	238	300	221	164	180	143	44	57	54	28	74	301	284	167	22	227	359	293	151	383	355	49	64	275	56	79	
656	0.329087	27	344	9	238	300	221	164	180	143	44	57	54	28	74	301	284	167	22	227	359	293	151	383	355	49	64	275	56	
657	1.126462	2	344	9	
658	0.574425	1	344	
659	0.574425	1	9	
660	0.689941	25	238	300	221	164	180	143	44	57	54	28	74	301	284	167	22	227	359	293	151	383	355	49	64	275	56	
661	0.090544	20	238	300	221	164	180	143	44	57	54	28	74	301	284	167	22	227	359	293	151	383	
662	0.005338	11	238	300	221	164	180	143	44	57	54	28	74	
663	0.579262	6	238	300	221	164	180	143	
664	0.136250	4	238	300	221	164	
665	0.046869	3	238	300	221	
666	0.101781	2	238	300	
667	0.050902	1	238	
668	0.050902	1	300	
669	0.152683	1	221	
670	0.199553	1	164	
671	0.324381	2	180	143	
672	0.011422	1	180	
673	0.011422	1	143	
674	0.057360	5	44	57	54	28	74	
675	0.363585	4	44	57	54	28	
676	0.235281	3	44	57	54	
677	0.244205	2	44	57	
678	0.014634	1	44	
679	0.014634	1	57	
680	0.258839	1	54	
681	0.494120	1	28	
682	0.857705	1	74	
683	0.188209	9	301	284	167	22	227	359	293	151	383	
684	0.282507	7	301	284	167	22	227	359	293	
685	0.449686	1	301	
686	0.000282	6	284	167	22	227	359	293	
687	0.395578	3	284	167	22	
688	0.050427	2	284	167	
689	0.003400	1	284	
690	0.003400	1	167	
691	0.053826	1	22	
692	0.251067	3	227	359	293	
693	0.110351	2	227	359	
694	0.087986	1	227	
695	0.087986	1	359	
696	0.198337	1	293	
697	0.174293	2	151	383	
698	0.557900	1	151	
699	0.557900	1	383	
700	0.833143	5	355	49	64	275	56	
701	0.089141	3	355	49	64	
702	0.088663	1	355	
703	0.017031	2	49	64	
704	0.071632	1	49	
705	0.071632	1	64	
706	0.061727	2	275	56	
707	0.116077	1	275	
708	0.116077	1	56	
709	2.029974	1	79	
710	0.402529	45	393	347	322	182	282	85	25	396	385	77	332	184	65	295	348	338	351	391	84	345	72	392	145	158	23	189	289	281	51	113	306	267	311	244	170	120	265	362	320	328	365	296	58	327	299	
711	0.288472	23	393	347	322	182	282	85	25	396	385	77	332	184	65	295	348	338	351	391	84	345	72	392	145	
712	0.278095	2	393	347	
713	1.695865	1	393	
714	1.695865	1	347	
715	0.085226	21	322	182	282	85	25	396	385	77	332	184	65	295	348	338	351	391	84	345	72	392	145	
716	0.567389	5	322	182	282	85	25	
717	0.668801	2	322	182	
718	0.652544	1	322	
719	0.652544	1	182	
720	0.242269	3	282	85	25	
721	0.918555	2	282	85	
722	0.160520	1	282	
723	0.160520	1	85	
724	1.079075	1	25	
725	0.360950	16	396	385	77	332	184	65	295	348	338	351	391	84	345	72	392	145	
726	0.851444	6	396	385	77	332	184	65	
727	0.676340	1	396	
728	0.177128	5	385	77	332	184	65	
729	0.227935	4	385	77	332	184	
730	0.161315	3	385	77	332	
731	0.109962	1	385	
732	0.050331	2	77	332	
733	0.059631	1	77	
734	0.059631	1	332	
735	0.271277	1	184	
736	0.499212	1	65	
737	0.096716	10	295	348	338	351	391	84	345	72	392	145	
738	1.126439	6	295	348	338	351	391	84	
739	0.157603	2	295	348	
740	0.147027	1	295	
741	0.147027	1	348	
742	0.170629	4	338	351	391	84	
743	0.134001	1	338	
744	0.053322	3	351	391	84	
745	0.080679	1	351	
746	0.043837	2	391	84	
747	0.036841	1	391	
748	0.036841	1	84	
749	1.290933	4	345	72	392	145	
750	0.070621	3	345	72	392	
751	0.035457	2	345	72	
752	0.034057	1	345	
753	0.034057	1	72	
754	0.069514	1	392	
755	0.140135	1	145	
756	0.258041	22	158	23	189	289	281	51	113	306	267	311	244	170	120	265	362	320	328	365	296	58	327	299	
757	0.308904	5	158	23	189	289	281	
758	1.695487	1	158	
759	1.181758	4	23	189	289	281	
760	0.343019	2	23	189	
761	0.170710	1	23	
762	0.170710	1	189	
763	0.512063	2	289	281	
764	0.001665	1	289	
765	0.001665	1	281	
766	0.124111	17	51	113	306	267	311	244	170	120	265	362	320	328	365	296	58	327	299	
767	0.014569	9	51	113	306	267	311	244	170	120	265	
768	0.889743	4	51	113	306	267	
769	0.198660	2	51	113	
770	0.777308	1	51	
771	0.777308	1	113	
772	0.054360	2	306	267	
773	0.921608	1	306	
774	0.921608	1	267	
775	0.078596	5	311	244	170	120	265	
776	1.787115	1	311	
777	0.885150	4	244	170	120	265	
778	0.554356	2	244	170	
779	0.347609	1	244	
780	0.347609	1	170	
781	0.800021	2	120	265	
782	0.101944	1	120	
783	0.101944	1	265	
784	0.015255	8	362	320	328	365	296	58	327	299	
785	1.604664	3	362	320	328	
786	0.212695	2	362	320	
787	0.047665	1	362	
788	0.047665	1	320	
789	0.260360	1	328	
790	0.179374	5	365	296	58	327	299	
791	0.881497	2	365	296	
792	0.804153	1	365	
793	0.804153	1	296	
794	0.507505	3	58	327	299	
795	0.147278	2	58	327	
796	1.030867	1	58	
797	1.030867	1	327	
798	1.178145	1	299	
It	Lh	Lh + Prior	No Pram	Alpha	Sigma^2	Alpha Scale Prior	Node ID	Scaler	Creat It	Node / Branch	
4000	-567.889220	-621.884608	18	2.468834	0.859375	1.100000	52	15.477116	5	Node	252	6.479323	2564	Node	495	5.536255	220	Branch	357	12.341468	2743	Branch	543	4.588319	3984	Branch	586	3.497526	3470	Branch	423	3.981492	767	Node	665	2.066832	1807	Branch	273	7.258789	3509	Node	82	0.848858	3254	Node	187	3.433334	2376	Branch	31	3.444031	2739	Branch	524	1.449329	3326	Node	264	3.413436	861	Branch	132	7.396044	3409	Node	225	4.153922	3990	Branch	93	5.113363	3492	Branch	354	2.250260	860	Branch	
5000	-565.982374	-629.929941	21	1.271767	0.965823	1.100000	52	14.528968	5	Node	656	0.675744	4396	Node	484	4.331738	220	Branch	366	12.607558	2743	Branch	422	3.072140	767	Node	586	3.273992	3470	Branch	96	8.773239	4432	Node	744	11.795320	4626	Node	665	1.817448	1807	Branch	274	7.821355	3509	Node	132	7.911709	3409	Node	264	4.302712	861	Branch	56	3.164734	4098	Branch	325	4.507422	4139	Node	172	2.361097	4575	Branch	403	7.516780	4140	Branch	354	2.274315	860	Branch	280	12.216906	4304	Branch	624	9.737577	4653	Branch	748	5.490112	4067	Branch	188	2.850379	2376	Branch	
6000	-565.410636	-633.393154	22	2.022068	0.985224	1.100000	52	15.155703	5	Node	611	0.610285	4396	Node	321	0.653584	5828	Node	366	14.311647	2743	Branch	181	2.470817	2376	Branch	422	4.507540	767	Node	485	4.040364	220	Branch	742	8.106403	4626	Node	586	8.191797	5116	Branch	96	9.318633	4432	Node	122	3.718658	5567	Node	325	4.219760	4139	Node	47	10.176943	5385	Node	132	9.606654	3409	Node	353	3.684541	860	Branch	56	3.412244	4098	Branch	506	1.654098	5390	Branch	624	9.477353	4653	Branch	748	5.750612	4067	Branch	340	14.878020	5478	Branch	266	3.245711	861	Branch	403	8.250560	4140	Branch	
7000	-570.627139	-654.125510	27	0.992377	0.972938	1.100000	52	13.868137	5	Node	52	3.371094	6752	Branch	655	0.564255	4396	Node	212	3.175887	861	Branch	321	1.094789	5828	Node	484	4.088656	220	Branch	422	4.970092	767	Node	617	8.546386	4653	Branch	169	1.083430	6985	Branch	367	13.451482	2743	Branch	742	10.836005	4626	Node	587	10.660015	5116	Branch	96	10.538849	4432	Node	469	11.030005	6422	Node	325	4.813612	4139	Node	132	9.045522	3409	Node	505	3.244202	5390	Branch	746	5.570099	4067	Branch	497	0.580981	6648	Node	443	0.671575	6699	Branch	161	31.319990	6821	Node	41	0.340318	6691	Branch	512	3.594145	6173	Branch	402	0.956674	6725	Branch	340	13.861833	5478	Branch	403	7.182202	4140	Branch	354	3.007488	860	Branch	
8000	-556.310795	-652.584874	32	1.485114	0.861897	1.100000	51	5.920687	6752	Branch	52	13.309699	5	Node	299	0.681589	5828	Node	655	0.444615	4396	Node	213	4.516682	861	Branch	483	3.096385	220	Branch	616	9.028570	4653	Branch	366	4.184418	7155	Branch	422	5.936835	767	Node	39	2.031223	7128	Node	357	1.395505	7028	Node	367	13.897917	2743	Branch	586	10.962787	5116	Branch	742	10.357901	4626	Node	586	13.093228	7632	Node	496	0.339102	6648	Node	508	4.157533	7573	Branch	701	2.339465	7466	Branch	399	4.858250	7767	Node	469	7.043797	6422	Node	98	10.728367	4432	Node	400	2.476809	6725	Branch	225	0.493338	7417	Node	746	1.871662	4067	Branch	510	0.105682	7876	Branch	228	0.791544	7610	Node	41	1.092911	6691	Branch	175	0.712113	6985	Branch	318	13.391378	7679	Branch	340	14.236399	5478	Branch	758	11.172638	7464	Branch	403	9.869506	4140	Branch	
9000	-568.235126	-657.395957	30	1.809448	0.963047	1.100000	51	2.617995	6752	Branch	52	12.461791	5	Node	299	0.714046	5828	Node	213	1.868840	861	Branch	483	1.089912	8327	Branch	513	1.470688	220	Branch	422	1.880034	767	Node	221	0.421697	7610	Node	469	8.181964	6422	Node	361	1.411479	7028	Node	508	1.762434	7573	Branch	369	11.895425	2743	Branch	744	9.821838	4626	Node	744	1.491172	4067	Branch	537	15.923108	8977	Node	623	9.166346	4653	Branch	313	1.794964	8896	Node	15	11.279015	8699	Node	497	0.759246	6648	Node	78	3.556075	8281	Node	98	15.590644	4432	Node	318	15.637375	7679	Branch	41	0.432824	6691	Branch	60	6.396218	8889	Branch	758	9.641738	7464	Branch	175	2.078845	6985	Branch	403	2.406966	6725	Branch	512	0.199710	7876	Branch	590	0.370371	8609	Branch	718	1.727909	8918	Branch	
10000	-559.963939	-656.997467	33	1.375786	0.878625	1.100000	51	6.472201	6752	Branch	52	9.508903	5	Node	299	1.362425	5828	Node	213	0.139420	861	Branch	514	0.432635	220	Branch	422	0.687147	767	Node	357	1.668852	7028	Node	423	3.638065	9453	Node	744	3.868350	4626	Node	9	4.354924	9330	Node	750	1.481750	9515	Node	76	2.365162	8281	Node	273	2.645829	9232	Node	98	16.031471	4432	Node	225	0.554057	7610	Node	136	1.575053	9634	Node	607	5.954121	9315	Branch	537	16.952036	8977	Node	589	5.902079	8609	Branch	313	2.632263	8896	Node	15	14.937837	8699	Node	778	2.925699	9427	Branch	486	2.064978	9416	Node	712	8.840727	9529	Node	497	0.063255	6648	Node	527	1.370827	8327	Branch	512	0.075991	7876	Branch	403	4.990378	6725	Branch	745	2.455479	4067	Branch	318	13.547954	7679	Branch	624	10.736307	4653	Branch	718	2.396207	8918	Branch	758	7.850833	7464	Branch	
