10
0	t7
1	t5
2	t10
3	t6
4	t3
5	t4
6	t9
7	t8
8	t1
9	t2
19
0	0.656773	10	9	4	7	3	5	6	1	0	8	2	
1	0.201684	9	9	4	7	3	5	6	1	0	8	
2	1.189114	8	9	4	7	3	5	6	1	0	
3	0.670780	5	9	4	7	3	5	
4	1.442823	1	9	
5	0.758569	4	4	7	3	5	
6	0.684254	1	4	
7	0.049080	3	7	3	5	
8	0.635174	1	7	
9	0.347361	2	3	5	
10	0.287813	1	3	
11	0.287813	1	5	
12	0.210024	3	6	1	0	
13	1.903579	1	6	
14	1.313995	2	1	0	
15	0.589583	1	1	
16	0.589583	1	0	
17	3.302717	1	8	
18	3.504401	1	2	
It	Lh	Lh + Prior	No Pram	Alpha	Sigma^2	Alpha Scale Prior	Node ID	Scaler	Creat It	Node / Branch	
4000	-18.369224	-29.540356	3	2.323763	1.188770	1.100000	1	2.696305	3975	Branch	17	3.343586	3765	Branch	18	10.796150	3887	Branch	
5000	-17.717420	-22.538325	1	0.586703	0.791400	1.100000	4	3.037449	4380	Branch	
6000	-17.539306	-19.626368	0	0.988429	1.477024	1.100000	
7000	-17.741986	-25.377679	2	0.610311	1.811653	1.100000	14	2.009667	6864	Branch	13	0.129929	6807	Branch	
8000	-18.607385	-26.420735	2	1.548308	1.405080	1.100000	14	1.601644	7971	Node	9	7.611854	7985	Node	
9000	-18.893295	-29.162877	3	1.494285	0.638102	1.100000	5	5.421154	8983	Node	14	0.470122	8982	Node	14	0.324008	8997	Branch	
10000	-17.291698	-19.299184	0	1.115609	1.051387	1.100000	
