100
0	t83
1	t47
2	t27
3	t67
4	t53
5	t82
6	t80
7	t23
8	t24
9	t70
10	t3
11	t86
12	t81
13	t61
14	t21
15	t89
16	t66
17	t12
18	t77
19	t37
20	t20
21	t62
22	t90
23	t2
24	t30
25	t36
26	t68
27	t94
28	t51
29	t48
30	t40
31	t92
32	t78
33	t64
34	t91
35	t44
36	t59
37	t16
38	t65
39	t14
40	t33
41	t71
42	t38
43	t72
44	t28
45	t35
46	t45
47	t74
48	t17
49	t31
50	t29
51	t8
52	t79
53	t76
54	t41
55	t87
56	t42
57	t93
58	t1
59	t73
60	t6
61	t95
62	t60
63	t39
64	t54
65	t97
66	t15
67	t46
68	t57
69	t88
70	t32
71	t26
72	t63
73	t25
74	t22
75	t7
76	t11
77	t49
78	t9
79	t56
80	t69
81	t96
82	t19
83	t98
84	t43
85	t5
86	t52
87	t34
88	t10
89	t4
90	t13
91	t85
92	t58
93	t99
94	t100
95	t55
96	t50
97	t84
98	t18
99	t75
199
0	1.567315	100	30	36	15	52	95	22	18	85	49	29	78	60	1	74	92	5	28	39	90	51	33	56	19	80	73	3	43	4	70	84	76	75	61	97	77	47	64	82	48	54	59	25	66	44	83	79	58	62	9	7	57	17	38	0	89	87	53	14	6	65	12	67	26	98	93	63	21	42	37	40	45	32	69	50	72	35	68	11	71	24	81	23	46	41	2	94	31	99	86	16	88	27	96	13	10	20	34	8	55	91	
1	1.526882	23	30	36	15	52	95	22	18	85	49	29	78	60	1	74	92	5	28	39	90	51	33	56	19	
2	0.122011	10	30	36	15	52	95	22	18	85	49	29	
3	0.386357	7	30	36	15	52	95	22	18	
4	0.947188	1	30	
5	0.023981	6	36	15	52	95	22	18	
6	0.923207	1	36	
7	0.228009	5	15	52	95	22	18	
8	0.219178	2	15	52	
9	0.476020	1	15	
10	0.476020	1	52	
11	0.349114	3	95	22	18	
12	0.283394	2	95	22	
13	0.062689	1	95	
14	0.062689	1	22	
15	0.346084	1	18	
16	1.055737	3	85	49	29	
17	0.127032	2	85	49	
18	0.150776	1	85	
19	0.150776	1	49	
20	0.277808	1	29	
21	0.142617	13	78	60	1	74	92	5	28	39	90	51	33	56	19	
22	0.823727	2	78	60	
23	0.489212	1	78	
24	0.489212	1	60	
25	0.266782	11	1	74	92	5	28	39	90	51	33	56	19	
26	0.628538	4	1	74	92	5	
27	0.041647	3	1	74	92	
28	0.375973	1	1	
29	0.100509	2	74	92	
30	0.275464	1	74	
31	0.275464	1	92	
32	0.417620	1	5	
33	0.234977	7	28	39	90	51	33	56	19	
34	0.341329	4	28	39	90	51	
35	0.104791	3	28	39	90	
36	0.365061	1	28	
37	0.025887	2	39	90	
38	0.339175	1	39	
39	0.339175	1	90	
40	0.469852	1	51	
41	0.770354	3	33	56	19	
42	0.040827	1	33	
43	0.015524	2	56	19	
44	0.025303	1	56	
45	0.025303	1	19	
46	0.646073	77	80	73	3	43	4	70	84	76	75	61	97	77	47	64	82	48	54	59	25	66	44	83	79	58	62	9	7	57	17	38	0	89	87	53	14	6	65	12	67	26	98	93	63	21	42	37	40	45	32	69	50	72	35	68	11	71	24	81	23	46	41	2	94	31	99	86	16	88	27	96	13	10	20	34	8	55	91	
47	0.078624	75	80	73	3	43	4	70	84	76	75	61	97	77	47	64	82	48	54	59	25	66	44	83	79	58	62	9	7	57	17	38	0	89	87	53	14	6	65	12	67	26	98	93	63	21	42	37	40	45	32	69	50	72	35	68	11	71	24	81	23	46	41	2	94	31	99	86	16	88	27	96	13	10	20	34	8	
48	0.188934	47	80	73	3	43	4	70	84	76	75	61	97	77	47	64	82	48	54	59	25	66	44	83	79	58	62	9	7	57	17	38	0	89	87	53	14	6	65	12	67	26	98	93	63	21	42	37	40	
49	0.165365	25	80	73	3	43	4	70	84	76	75	61	97	77	47	64	82	48	54	59	25	66	44	83	79	58	62	
50	0.724551	20	80	73	3	43	4	70	84	76	75	61	97	77	47	64	82	48	54	59	25	66	
51	0.353462	10	80	73	3	43	4	70	84	76	75	61	
52	0.052403	3	80	73	3	
53	0.000237	2	80	73	
54	0.772787	1	80	
55	0.772787	1	73	
56	0.773025	1	3	
57	0.359762	7	43	4	70	84	76	75	61	
58	0.222924	6	43	4	70	84	76	75	
59	0.026788	3	43	4	70	
60	0.215954	1	43	
61	0.192010	2	4	70	
62	0.023944	1	4	
63	0.023944	1	70	
64	0.057152	3	84	76	75	
65	0.185590	1	84	
66	0.003839	2	76	75	
67	0.181752	1	76	
68	0.181752	1	75	
69	0.465666	1	61	
70	0.227191	10	97	77	47	64	82	48	54	59	25	66	
71	0.828447	3	97	77	47	
72	0.102701	2	97	77	
73	0.020551	1	97	
74	0.020551	1	77	
75	0.123252	1	47	
76	0.083319	7	64	82	48	54	59	25	66	
77	0.478410	3	64	82	48	
78	0.389970	1	64	
79	0.262175	2	82	48	
80	0.127795	1	82	
81	0.127795	1	48	
82	0.218642	4	54	59	25	66	
83	0.326649	3	54	59	25	
84	0.199590	2	54	59	
85	0.123500	1	54	
86	0.123500	1	59	
87	0.323090	1	25	
88	0.649739	1	66	
89	0.166818	5	44	83	79	58	62	
90	0.807579	2	44	83	
91	0.929044	1	44	
92	0.929044	1	83	
93	1.163197	3	79	58	62	
94	0.501654	2	79	58	
95	0.071772	1	79	
96	0.071772	1	58	
97	0.573426	1	62	
98	0.118541	22	9	7	57	17	38	0	89	87	53	14	6	65	12	67	26	98	93	63	21	42	37	40	
99	0.139348	11	9	7	57	17	38	0	89	87	53	14	6	
100	0.131337	6	9	7	57	17	38	0	
101	1.008091	5	9	7	57	17	38	
102	0.136510	4	9	7	57	17	
103	0.534980	1	9	
104	0.202980	3	7	57	17	
105	0.167440	2	7	57	
106	0.164561	1	7	
107	0.164561	1	57	
108	0.332001	1	17	
109	0.671490	1	38	
110	1.679580	1	0	
111	0.126172	5	89	87	53	14	6	
112	1.684745	1	89	
113	0.717913	4	87	53	14	6	
114	0.657433	2	87	53	
115	0.309399	1	87	
116	0.309399	1	53	
117	0.934990	2	14	6	
118	0.031842	1	14	
119	0.031842	1	6	
120	0.087237	11	65	12	67	26	98	93	63	21	42	37	40	
121	0.606458	6	65	12	67	26	98	93	
122	0.149006	4	65	12	67	26	
123	0.733010	3	65	12	67	
124	0.069269	2	65	12	
125	0.305285	1	65	
126	0.305285	1	12	
127	0.374554	1	67	
128	1.107564	1	26	
129	0.640581	2	98	93	
130	0.615989	1	98	
131	0.615989	1	93	
132	1.376724	5	63	21	42	37	40	
133	0.214358	2	63	21	
134	0.271946	1	63	
135	0.271946	1	21	
136	0.237166	3	42	37	40	
137	0.249138	1	42	
138	0.099360	2	37	40	
139	0.149778	1	37	
140	0.149778	1	40	
141	0.501266	28	45	32	69	50	72	35	68	11	71	24	81	23	46	41	2	94	31	99	86	16	88	27	96	13	10	20	34	8	
142	0.795010	20	45	32	69	50	72	35	68	11	71	24	81	23	46	41	2	94	31	99	86	16	
143	0.060495	12	45	32	69	50	72	35	68	11	71	24	81	23	
144	0.522198	9	45	32	69	50	72	35	68	11	71	
145	0.166112	3	45	32	69	
146	0.053408	2	45	32	
147	0.159251	1	45	
148	0.159251	1	32	
149	0.212659	1	69	
150	0.020283	6	50	72	35	68	11	71	
151	0.009297	4	50	72	35	68	
152	0.311133	2	50	72	
153	0.038058	1	50	
154	0.038058	1	72	
155	0.176931	2	35	68	
156	0.172261	1	35	
157	0.172261	1	68	
158	0.274432	2	11	71	
159	0.084056	1	11	
160	0.084056	1	71	
161	0.715137	3	24	81	23	
162	0.185833	1	24	
163	0.162964	2	81	23	
164	0.022869	1	81	
165	0.022869	1	23	
166	0.362112	8	46	41	2	94	31	99	86	16	
167	0.281009	3	46	41	2	
168	0.090182	2	46	41	
169	0.228161	1	46	
170	0.228161	1	41	
171	0.318344	1	2	
172	0.098466	5	94	31	99	86	16	
173	0.036722	4	94	31	99	86	
174	0.464166	1	94	
175	0.173471	3	31	99	86	
176	0.290695	1	31	
177	0.083917	2	99	86	
178	0.206778	1	99	
179	0.206778	1	86	
180	0.500887	1	16	
181	0.522966	8	88	27	96	13	10	20	34	8	
182	0.466750	6	88	27	96	13	10	20	
183	0.441301	2	88	27	
184	0.325458	1	88	
185	0.325458	1	27	
186	0.120683	4	96	13	10	20	
187	0.457443	3	96	13	10	
188	0.032018	2	96	13	
189	0.156615	1	96	
190	0.156615	1	13	
191	0.188633	1	10	
192	0.646076	1	20	
193	1.026747	2	34	8	
194	0.206761	1	34	
195	0.206761	1	8	
196	2.278893	2	55	91	
197	0.057472	1	55	
198	0.057472	1	91	
It	Lh	Lh + Prior	No Pram	Alpha	Sigma^2	Alpha Scale Prior	Node ID	Scaler	Creat It	Node / Branch	
4000	-141.067979	-169.858132	9	0.325583	1.055577	1.100000	142	22.778407	53	Node	143	0.515164	1863	Node	2	7.281363	3596	Branch	181	1.900191	2991	Branch	3	9.028184	3945	Branch	7	2.524961	3256	Branch	66	0.329787	2154	Node	53	1.449959	3629	Node	86	0.258057	3652	Branch	
5000	-142.437669	-172.833231	10	0.929325	0.973152	1.100000	46	0.748200	4533	Branch	142	20.514887	53	Node	181	3.843123	2991	Branch	57	1.130952	3629	Node	11	0.901772	4830	Branch	138	0.732254	4974	Node	66	0.875306	2154	Node	44	0.844595	4240	Branch	116	1.072764	4815	Branch	24	10.907793	4695	Branch	
6000	-143.640668	-164.623792	6	0.148971	1.037023	1.100000	47	2.693107	4533	Branch	142	20.350763	53	Node	24	5.581064	4695	Branch	195	6.866873	2991	Branch	56	0.753268	5509	Branch	10	2.248153	4830	Branch	
7000	-144.719141	-184.683380	13	1.825525	1.160420	1.100000	46	1.342844	4533	Branch	142	12.459267	53	Node	123	1.772383	6670	Node	53	5.413724	5509	Branch	146	5.202612	6732	Node	79	6.835161	6386	Branch	195	5.977429	2991	Branch	24	1.163950	4695	Branch	194	2.545474	6007	Branch	157	5.930437	6571	Branch	91	14.323151	6152	Branch	107	2.191879	6724	Branch	6	8.199566	6748	Branch	
8000	-139.805919	-161.106498	7	0.837724	1.105715	1.100000	142	9.636956	53	Node	187	1.824667	7230	Branch	104	2.278391	7999	Node	168	3.416942	7275	Branch	197	0.569847	4533	Branch	157	5.021804	6571	Branch	107	0.122843	6724	Branch	
9000	-142.780276	-172.048889	9	0.602542	1.065737	1.100000	142	7.634103	53	Node	132	1.971637	8210	Node	187	2.901111	7230	Branch	129	18.591582	8098	Branch	183	0.751432	8212	Node	154	5.786421	8692	Branch	157	15.018864	6571	Branch	107	4.072355	6724	Branch	92	5.336193	8536	Branch	
10000	-140.399527	-162.498864	7	0.980959	0.935235	1.100000	142	14.162182	53	Node	41	0.907617	9897	Node	90	0.428438	8536	Branch	8	5.252242	9746	Node	125	0.137515	9598	Branch	156	1.963890	6571	Branch	106	8.506127	6724	Branch	
