50
0	t40
1	t9
2	t45
3	t15
4	t8
5	t27
6	t50
7	t7
8	t11
9	t17
10	t12
11	t1
12	t44
13	t20
14	t33
15	t32
16	t30
17	t43
18	t35
19	t36
20	t5
21	t41
22	t22
23	t14
24	t38
25	t49
26	t31
27	t37
28	t48
29	t13
30	t3
31	t47
32	t28
33	t39
34	t26
35	t46
36	t34
37	t29
38	t19
39	t21
40	t18
41	t16
42	t4
43	t42
44	t23
45	t2
46	t6
47	t24
48	t25
49	t10
99
0	0.216437	50	21	13	40	2	0	5	31	44	47	1	46	16	30	3	33	37	28	32	49	41	19	45	39	36	4	23	6	24	18	22	42	10	29	35	34	9	38	20	17	48	8	7	14	27	25	11	26	15	43	12	
1	0.397919	22	21	13	40	2	0	5	31	44	47	1	46	16	30	3	33	37	28	32	49	41	19	45	
2	0.108714	5	21	13	40	2	0	
3	1.144654	4	21	13	40	2	
4	0.418446	3	21	13	40	
5	0.165221	2	21	13	
6	0.232106	1	21	
7	0.232106	1	13	
8	0.397327	1	40	
9	0.815773	1	2	
10	1.960428	1	0	
11	0.677878	17	5	31	44	47	1	46	16	30	3	33	37	28	32	49	41	19	45	
12	1.236275	2	5	31	
13	0.154988	1	5	
14	0.154988	1	31	
15	0.113218	15	44	47	1	46	16	30	3	33	37	28	32	49	41	19	45	
16	1.155075	2	44	47	
17	0.122970	1	44	
18	0.122970	1	47	
19	0.162298	13	1	46	16	30	3	33	37	28	32	49	41	19	45	
20	1.058106	2	1	46	
21	0.057641	1	1	
22	0.057641	1	46	
23	0.238609	11	16	30	3	33	37	28	32	49	41	19	45	
24	0.041856	5	16	30	3	33	37	
25	0.477967	4	16	30	3	33	
26	0.357315	1	16	
27	0.235651	3	30	3	33	
28	0.063815	2	30	3	
29	0.057850	1	30	
30	0.057850	1	3	
31	0.121664	1	33	
32	0.835283	1	37	
33	0.569140	6	28	32	49	41	19	45	
34	0.124556	3	28	32	49	
35	0.183443	1	28	
36	0.079152	2	32	49	
37	0.104291	1	32	
38	0.104291	1	49	
39	0.230033	3	41	19	45	
40	0.038377	2	41	19	
41	0.039589	1	41	
42	0.039589	1	19	
43	0.077966	1	45	
44	1.139986	28	39	36	4	23	6	24	18	22	42	10	29	35	34	9	38	20	17	48	8	7	14	27	25	11	26	15	43	12	
45	0.656247	10	39	36	4	23	6	24	18	22	42	10	
46	0.097596	9	39	36	4	23	6	24	18	22	42	
47	0.040644	2	39	36	
48	0.532588	1	39	
49	0.532588	1	36	
50	0.239223	7	4	23	6	24	18	22	42	
51	0.155803	4	4	23	6	24	
52	0.150966	3	4	23	6	
53	0.027240	1	4	
54	0.009225	2	23	6	
55	0.018015	1	23	
56	0.018015	1	6	
57	0.178206	1	24	
58	0.218402	3	18	22	42	
59	0.115607	1	18	
60	0.083329	2	22	42	
61	0.032278	1	22	
62	0.032278	1	42	
63	0.670828	1	10	
64	0.125094	18	29	35	34	9	38	20	17	48	8	7	14	27	25	11	26	15	43	12	
65	0.042543	7	29	35	34	9	38	20	17	
66	0.055912	6	29	35	34	9	38	20	
67	0.251333	4	29	35	34	9	
68	0.281169	3	29	35	34	
69	0.571024	1	29	
70	0.568764	2	35	34	
71	0.002260	1	35	
72	0.002260	1	34	
73	0.852193	1	9	
74	0.781399	2	38	20	
75	0.322127	1	38	
76	0.322127	1	20	
77	1.159438	1	17	
78	0.771677	11	48	8	7	14	27	25	11	26	15	43	12	
79	0.126580	9	48	8	7	14	27	25	11	26	15	
80	0.141260	6	48	8	7	14	27	25	
81	0.006944	2	48	8	
82	0.155521	1	48	
83	0.155521	1	8	
84	0.034618	4	7	14	27	25	
85	0.012743	2	7	14	
86	0.115103	1	7	
87	0.115103	1	14	
88	0.046286	2	27	25	
89	0.081560	1	27	
90	0.081560	1	25	
91	0.032463	3	11	26	15	
92	0.162128	2	11	26	
93	0.109134	1	11	
94	0.109134	1	26	
95	0.271262	1	15	
96	0.008534	2	43	12	
97	0.421770	1	43	
98	0.421770	1	12	
It	Lh	Lh + Prior	No Pram	Alpha	Sigma^2	Alpha Scale Prior	Node ID	Scaler	Creat It	Node / Branch	
4000	-70.873677	-99.387885	9	2.209809	1.531522	1.100000	45	15.127378	9	Node	79	2.440732	3535	Node	65	2.225844	3411	Branch	33	0.442239	3775	Node	81	0.629288	2330	Branch	96	7.082897	3006	Branch	94	0.908391	3978	Branch	22	11.218020	3984	Branch	73	0.023190	3991	Branch	
5000	-72.409973	-83.786049	3	3.252129	1.563683	1.100000	19	2.302141	3984	Branch	50	6.519531	9	Node	28	0.437626	4946	Node	
6000	-68.837423	-91.939062	7	2.785146	1.451533	1.100000	78	4.719991	5944	Branch	45	2.529879	5891	Node	46	2.921264	9	Node	79	1.528159	5756	Branch	27	6.816571	5704	Branch	86	13.485546	5690	Branch	13	7.293421	5931	Branch	
7000	-76.652907	-101.801634	8	0.488457	2.700192	1.100000	11	3.893728	6020	Branch	78	4.575943	5756	Branch	46	6.288066	5891	Node	67	3.183133	6331	Node	34	2.739641	6908	Node	27	4.382816	6651	Node	86	6.999525	6101	Branch	53	3.111631	6652	Branch	
8000	-68.880472	-86.699582	5	1.790739	1.311797	1.100000	19	1.276485	7827	Node	45	27.244120	5891	Node	96	1.053435	7771	Node	70	2.954048	7925	Node	86	5.399924	7861	Branch	
9000	-71.757511	-107.490688	9	2.393616	1.452204	1.100000	44	1.998692	8837	Branch	45	8.228367	5891	Node	52	9.797300	8980	Branch	54	12.320954	8649	Branch	81	42.758178	8799	Branch	41	7.512712	8245	Branch	31	4.033675	8646	Branch	26	38.387162	8172	Branch	35	0.460406	8583	Branch	
10000	-68.694256	-98.794291	10	2.060990	1.539830	1.100000	45	4.382112	5891	Node	25	3.017629	9911	Branch	52	1.756845	9482	Node	4	0.842846	9659	Node	47	11.184140	9743	Branch	85	2.835248	9904	Node	54	4.954090	9865	Branch	12	4.250193	9586	Branch	83	4.752439	9302	Branch	77	1.996462	9597	Branch	
