10
0	t6
1	t10
2	t1
3	t9
4	t8
5	t5
6	t3
7	t2
8	t4
9	t7
19
0	0.704693	10	3	4	5	6	0	2	7	8	9	1	
1	0.699927	4	3	4	5	6	
2	0.597749	1	3	
3	0.312344	3	4	5	6	
4	0.282415	2	4	5	
5	0.002989	1	4	
6	0.002989	1	5	
7	0.285405	1	6	
8	0.209873	6	0	2	7	8	9	1	
9	1.087803	1	0	
10	0.349914	5	2	7	8	9	1	
11	0.491718	3	2	7	8	
12	0.119519	2	2	7	
13	0.126653	1	2	
14	0.126653	1	7	
15	0.246172	1	8	
16	0.596140	2	9	1	
17	0.141749	1	9	
18	0.141749	1	1	
It	Lh	Lh + Prior	No Pram	Alpha	Sigma^2	Alpha Scale Prior	Node ID	Scaler	Creat It	Node / Branch	
4000	-14.687960	-22.427904	2	0.481195	1.790843	1.100000	8	2.516425	3990	Node	16	3.054804	3987	Node	
5000	-16.420666	-19.190506	0	2.135001	2.166350	1.100000	
6000	-14.636592	-21.526539	1	0.189747	2.508107	1.100000	17	12.164393	5820	Branch	
7000	-15.531784	-20.574430	1	1.480134	2.077926	1.100000	6	1.885236	6987	Branch	
8000	-14.374691	-22.569890	2	0.708879	0.993833	1.100000	8	1.409612	7987	Node	16	13.283072	7896	Node	
9000	-14.788732	-20.813194	1	1.281765	1.332306	1.100000	16	17.487158	8952	Branch	
10000	-16.328194	-21.891842	1	2.247378	2.347488	1.100000	3	2.338874	9941	Branch	
