100
0	t20
1	t37
2	t86
3	t30
4	t5
5	t42
6	t43
7	t27
8	t77
9	t81
10	t62
11	t10
12	t73
13	t85
14	t55
15	t39
16	t76
17	t13
18	t78
19	t66
20	t31
21	t34
22	t64
23	t19
24	t44
25	t88
26	t32
27	t72
28	t91
29	t82
30	t40
31	t12
32	t99
33	t93
34	t92
35	t14
36	t38
37	t46
38	t29
39	t79
40	t75
41	t9
42	t16
43	t11
44	t74
45	t96
46	t48
47	t49
48	t71
49	t54
50	t69
51	t36
52	t52
53	t22
54	t2
55	t98
56	t70
57	t51
58	t61
59	t3
60	t1
61	t8
62	t100
63	t18
64	t21
65	t23
66	t59
67	t50
68	t25
69	t68
70	t90
71	t45
72	t58
73	t84
74	t83
75	t97
76	t6
77	t94
78	t15
79	t80
80	t41
81	t28
82	t95
83	t47
84	t53
85	t24
86	t56
87	t33
88	t65
89	t89
90	t4
91	t57
92	t7
93	t67
94	t60
95	t87
96	t63
97	t17
98	t35
99	t26
199
0	0.672193	100	50	88	89	54	41	20	36	22	92	69	16	42	48	11	71	1	26	96	28	63	80	93	4	17	64	5	58	18	34	91	60	66	77	25	40	84	8	57	12	94	55	23	90	24	45	10	47	62	86	72	21	30	27	52	33	70	87	97	15	78	73	68	9	29	81	59	98	2	56	13	32	6	38	46	95	82	53	7	83	85	35	19	49	75	3	51	79	67	14	31	76	74	44	0	65	99	39	61	43	37	
1	0.808797	81	50	88	89	54	41	20	36	22	92	69	16	42	48	11	71	1	26	96	28	63	80	93	4	17	64	5	58	18	34	91	60	66	77	25	40	84	8	57	12	94	55	23	90	24	45	10	47	62	86	72	21	30	27	52	33	70	87	97	15	78	73	68	9	29	81	59	98	2	56	13	32	6	38	46	95	82	53	7	83	85	35	
2	0.211914	78	50	88	89	54	41	20	36	22	92	69	16	42	48	11	71	1	26	96	28	63	80	93	4	17	64	5	58	18	34	91	60	66	77	25	40	84	8	57	12	94	55	23	90	24	45	10	47	62	86	72	21	30	27	52	33	70	87	97	15	78	73	68	9	29	81	59	98	2	56	13	32	6	38	46	95	82	53	7	
3	0.203361	6	50	88	89	54	41	20	
4	0.566884	5	50	88	89	54	41	
5	1.021312	3	50	88	89	
6	0.248783	1	50	
7	0.112187	2	88	89	
8	0.136596	1	88	
9	0.136596	1	89	
10	0.976479	2	54	41	
11	0.293616	1	54	
12	0.293616	1	41	
13	1.836979	1	20	
14	0.029052	72	36	22	92	69	16	42	48	11	71	1	26	96	28	63	80	93	4	17	64	5	58	18	34	91	60	66	77	25	40	84	8	57	12	94	55	23	90	24	45	10	47	62	86	72	21	30	27	52	33	70	87	97	15	78	73	68	9	29	81	59	98	2	56	13	32	6	38	46	95	82	53	7	
15	0.677973	47	36	22	92	69	16	42	48	11	71	1	26	96	28	63	80	93	4	17	64	5	58	18	34	91	60	66	77	25	40	84	8	57	12	94	55	23	90	24	45	10	47	62	86	72	21	30	27	
16	0.259265	13	36	22	92	69	16	42	48	11	71	1	26	96	28	
17	0.310215	10	36	22	92	69	16	42	48	11	71	1	
18	0.011641	4	36	22	92	69	
19	0.081077	3	36	22	92	
20	0.671116	1	36	
21	0.017706	2	22	92	
22	0.653410	1	22	
23	0.653410	1	92	
24	0.752193	1	69	
25	0.252730	6	16	42	48	11	71	1	
26	0.078423	4	16	42	48	11	
27	0.145178	3	16	42	48	
28	0.138583	2	16	42	
29	0.148920	1	16	
30	0.148920	1	42	
31	0.287503	1	48	
32	0.432681	1	11	
33	0.346467	2	71	1	
34	0.164637	1	71	
35	0.164637	1	1	
36	0.187825	3	26	96	28	
37	0.583568	2	26	96	
38	0.302655	1	26	
39	0.302655	1	96	
40	0.886224	1	28	
41	0.059436	34	63	80	93	4	17	64	5	58	18	34	91	60	66	77	25	40	84	8	57	12	94	55	23	90	24	45	10	47	62	86	72	21	30	27	
42	0.101857	30	63	80	93	4	17	64	5	58	18	34	91	60	66	77	25	40	84	8	57	12	94	55	23	90	24	45	10	47	62	86	
43	1.172021	1	63	
44	0.130278	29	80	93	4	17	64	5	58	18	34	91	60	66	77	25	40	84	8	57	12	94	55	23	90	24	45	10	47	62	86	
45	0.046651	27	80	93	4	17	64	5	58	18	34	91	60	66	77	25	40	84	8	57	12	94	55	23	90	24	45	10	47	
46	0.244518	5	80	93	4	17	64	
47	0.052188	3	80	93	4	
48	0.698386	1	80	
49	0.668686	2	93	4	
50	0.029700	1	93	
51	0.029700	1	4	
52	0.440524	2	17	64	
53	0.310050	1	17	
54	0.310050	1	64	
55	0.056913	22	5	58	18	34	91	60	66	77	25	40	84	8	57	12	94	55	23	90	24	45	10	47	
56	0.637594	2	5	58	
57	0.300585	1	5	
58	0.300585	1	58	
59	0.336584	20	18	34	91	60	66	77	25	40	84	8	57	12	94	55	23	90	24	45	10	47	
60	0.320923	4	18	34	91	60	
61	0.270030	2	18	34	
62	0.010642	1	18	
63	0.010642	1	34	
64	0.269514	2	91	60	
65	0.011158	1	91	
66	0.011158	1	60	
67	0.229937	16	66	77	25	40	84	8	57	12	94	55	23	90	24	45	10	47	
68	0.034283	7	66	77	25	40	84	8	57	
69	0.048988	4	66	77	25	40	
70	0.008958	2	66	77	
71	0.279429	1	66	
72	0.279429	1	77	
73	0.133968	2	25	40	
74	0.154419	1	25	
75	0.154419	1	40	
76	0.067845	3	84	8	57	
77	0.084076	2	84	8	
78	0.185453	1	84	
79	0.185453	1	8	
80	0.269529	1	57	
81	0.054525	9	12	94	55	23	90	24	45	10	47	
82	0.027740	7	12	94	55	23	90	24	45	
83	0.237330	3	12	94	55	
84	0.046283	2	12	94	
85	0.005779	1	12	
86	0.005779	1	94	
87	0.052062	1	55	
88	0.080354	4	23	90	24	45	
89	0.060525	3	23	90	24	
90	0.138505	2	23	90	
91	0.010009	1	23	
92	0.010009	1	90	
93	0.148514	1	24	
94	0.209038	1	45	
95	0.282444	2	10	47	
96	0.034688	1	10	
97	0.034688	1	47	
98	0.150268	2	62	86	
99	0.891474	1	62	
100	0.891474	1	86	
101	0.477553	4	72	21	30	27	
102	0.796325	1	72	
103	0.287319	3	21	30	27	
104	0.509006	1	21	
105	0.061370	2	30	27	
106	0.447636	1	30	
107	0.447636	1	27	
108	0.044329	25	52	33	70	87	97	15	78	73	68	9	29	81	59	98	2	56	13	32	6	38	46	95	82	53	7	
109	0.146241	24	52	33	70	87	97	15	78	73	68	9	29	81	59	98	2	56	13	32	6	38	46	95	82	53	
110	0.188629	6	52	33	70	87	97	15	
111	0.362173	3	52	33	70	
112	1.269917	1	52	
113	0.337258	2	33	70	
114	0.932658	1	33	
115	0.932658	1	70	
116	1.204199	3	87	97	15	
117	0.191852	2	87	97	
118	0.236039	1	87	
119	0.236039	1	97	
120	0.427890	1	15	
121	0.164827	18	78	73	68	9	29	81	59	98	2	56	13	32	6	38	46	95	82	53	
122	0.160382	17	78	73	68	9	29	81	59	98	2	56	13	32	6	38	46	95	82	
123	0.257646	8	78	73	68	9	29	81	59	98	
124	0.954961	3	78	73	68	
125	0.282901	1	78	
126	0.202759	2	73	68	
127	0.080142	1	73	
128	0.080142	1	68	
129	0.298235	5	9	29	81	59	98	
130	0.774162	3	9	29	81	
131	0.165465	1	9	
132	0.157236	2	29	81	
133	0.008229	1	29	
134	0.008229	1	81	
135	0.707013	2	59	98	
136	0.232614	1	59	
137	0.232614	1	98	
138	0.623608	9	2	56	13	32	6	38	46	95	82	
139	0.223081	8	2	56	13	32	6	38	46	95	
140	0.163163	3	2	56	13	
141	0.485656	1	2	
142	0.067191	2	56	13	
143	0.418465	1	56	
144	0.418465	1	13	
145	0.055319	5	32	6	38	46	95	
146	0.593500	1	32	
147	0.032842	4	6	38	46	95	
148	0.560658	1	6	
149	0.044876	3	38	46	95	
150	0.505619	2	38	46	
151	0.010164	1	38	
152	0.010164	1	46	
153	0.515782	1	95	
154	0.871900	1	82	
155	1.655891	1	53	
156	1.966959	1	7	
157	1.727012	3	83	85	35	
158	0.245446	2	83	85	
159	0.279796	1	83	
160	0.279796	1	85	
161	0.525242	1	35	
162	2.078278	19	19	49	75	3	51	79	67	14	31	76	74	44	0	65	99	39	61	43	37	
163	0.439863	13	19	49	75	3	51	79	67	14	31	76	74	44	0	
164	0.173456	4	19	49	75	3	
165	0.369454	1	19	
166	0.229053	3	49	75	3	
167	0.140400	1	49	
168	0.139472	2	75	3	
169	0.000928	1	75	
170	0.000928	1	3	
171	0.103300	9	51	79	67	14	31	76	74	44	0	
172	0.339732	3	51	79	67	
173	0.034017	2	51	79	
174	0.065860	1	51	
175	0.065860	1	79	
176	0.099878	1	67	
177	0.012119	6	14	31	76	74	44	0	
178	0.427490	1	14	
179	0.075146	5	31	76	74	44	0	
180	0.352344	1	31	
181	0.115594	4	76	74	44	0	
182	0.157921	2	76	74	
183	0.078829	1	76	
184	0.078829	1	74	
185	0.103971	2	44	0	
186	0.132779	1	44	
187	0.132779	1	0	
188	0.053581	6	65	99	39	61	43	37	
189	0.240223	4	65	99	39	61	
190	0.094117	2	65	99	
191	0.594852	1	65	
192	0.594852	1	99	
193	0.058639	2	39	61	
194	0.630330	1	39	
195	0.630330	1	61	
196	0.591190	2	43	37	
197	0.338002	1	43	
198	0.338002	1	37	
It	Lh	Lh + Prior	No Pram	Alpha	Sigma^2	Alpha Scale Prior	Node ID	Scaler	Creat It	Node / Branch	
4000	-124.913624	-146.466769	7	1.395268	0.940906	1.100000	109	4.206041	3926	Branch	55	5.383771	2224	Node	46	2.967218	3983	Node	189	0.880697	3844	Node	69	3.484579	3638	Node	5	10.147376	3085	Branch	133	2.624885	1751	Branch	
5000	-122.670517	-140.002752	5	1.870411	0.817310	1.100000	59	5.302777	2224	Node	121	1.553263	3926	Branch	82	1.159044	4679	Node	145	3.217391	4313	Node	9	21.815709	3085	Branch	
6000	-119.815007	-137.937348	5	1.415265	0.777025	1.100000	67	9.092287	2224	Node	189	6.354640	5065	Node	155	21.271880	5596	Branch	32	0.415648	5687	Branch	66	7.174450	5945	Branch	
7000	-122.985904	-156.193919	10	1.381655	0.905206	1.100000	15	1.700656	6785	Branch	67	4.793624	2224	Node	88	4.933004	6787	Branch	69	5.820571	6514	Branch	149	9.112422	6944	Branch	77	11.469790	6656	Node	66	3.336934	5945	Branch	155	14.159088	5596	Branch	74	16.694690	6530	Branch	20	10.231510	6844	Branch	
8000	-129.403771	-169.155388	12	1.187661	1.102186	1.100000	59	7.869592	5945	Branch	67	17.605583	2224	Node	82	19.422329	6787	Branch	129	16.085953	7732	Branch	46	1.075846	7303	Node	18	7.236689	6844	Branch	190	5.867417	7600	Node	70	0.434527	6514	Branch	33	15.565443	7899	Node	90	2.236869	7907	Node	49	2.880726	7932	Node	62	2.074830	7939	Branch	
9000	-120.080485	-148.063324	9	1.941108	0.807487	1.100000	67	10.263516	2224	Node	189	4.244606	7600	Node	88	9.251184	6787	Branch	27	1.893970	7899	Node	185	1.379092	8572	Node	173	7.001147	8671	Node	73	5.339292	6514	Branch	134	3.821152	8237	Branch	24	0.141625	6844	Branch	
10000	-120.404674	-153.496798	11	1.379678	0.719124	1.100000	67	6.106096	2224	Node	123	1.202292	9992	Node	82	13.971388	6787	Branch	69	2.401453	9627	Node	189	7.144735	9701	Node	157	1.619803	9233	Node	73	2.719741	9835	Branch	24	0.258128	6844	Branch	155	2.639809	9498	Branch	38	1.470199	9181	Branch	75	8.263514	6514	Branch	
