50
0	t50
1	t7
2	t16
3	t39
4	t8
5	t26
6	t45
7	t40
8	t13
9	t25
10	t38
11	t31
12	t44
13	t21
14	t43
15	t23
16	t18
17	t49
18	t12
19	t15
20	t5
21	t24
22	t30
23	t19
24	t4
25	t10
26	t17
27	t27
28	t34
29	t1
30	t46
31	t20
32	t47
33	t35
34	t14
35	t28
36	t32
37	t36
38	t9
39	t33
40	t6
41	t48
42	t2
43	t11
44	t29
45	t37
46	t41
47	t3
48	t22
49	t42
99
0	1.577064	50	9	12	6	29	13	25	48	33	18	7	3	8	23	38	15	44	45	43	20	1	47	17	16	36	11	41	39	28	40	14	19	27	30	35	0	2	26	10	46	22	31	32	37	21	5	49	42	34	24	4	
1	0.027037	30	9	12	6	29	13	25	48	33	18	7	3	8	23	38	15	44	45	43	20	1	47	17	16	36	11	41	39	28	40	14	
2	0.240874	20	9	12	6	29	13	25	48	33	18	7	3	8	23	38	15	44	45	43	20	1	
3	1.301540	12	9	12	6	29	13	25	48	33	18	7	3	8	
4	0.160653	10	9	12	6	29	13	25	48	33	18	7	
5	0.332254	4	9	12	6	29	
6	0.061096	3	9	12	6	
7	0.274916	1	9	
8	0.141209	2	12	6	
9	0.133707	1	12	
10	0.133707	1	6	
11	0.336012	1	29	
12	0.211069	6	13	25	48	33	18	7	
13	0.376506	2	13	25	
14	0.080692	1	13	
15	0.080692	1	25	
16	0.112445	4	48	33	18	7	
17	0.236119	3	48	33	18	
18	0.108634	1	48	
19	0.057354	2	33	18	
20	0.051280	1	33	
21	0.051280	1	18	
22	0.344753	1	7	
23	0.796173	2	3	8	
24	0.032746	1	3	
25	0.032746	1	8	
26	0.030431	8	23	38	15	44	45	43	20	1	
27	2.100029	1	23	
28	1.054229	7	38	15	44	45	43	20	1	
29	0.203714	6	38	15	44	45	43	20	
30	0.265528	3	38	15	44	
31	0.234175	2	38	15	
32	0.342383	1	38	
33	0.342383	1	15	
34	0.576558	1	44	
35	0.652336	3	45	43	20	
36	0.189750	1	45	
37	0.169876	2	43	20	
38	0.019874	1	43	
39	0.019874	1	20	
40	1.045800	1	1	
41	1.036897	10	47	17	16	36	11	41	39	28	40	14	
42	0.477644	8	47	17	16	36	11	41	39	28	
43	0.238650	5	47	17	16	36	11	
44	0.221582	3	47	17	16	
45	0.396560	1	47	
46	0.234182	2	17	16	
47	0.162379	1	17	
48	0.162379	1	16	
49	0.305867	2	36	11	
50	0.312276	1	36	
51	0.312276	1	11	
52	0.675044	3	41	39	28	
53	0.181749	1	41	
54	0.162024	2	39	28	
55	0.019725	1	39	
56	0.019725	1	28	
57	0.753411	2	40	14	
58	0.581026	1	40	
59	0.581026	1	14	
60	0.236340	20	19	27	30	35	0	2	26	10	46	22	31	32	37	21	5	49	42	34	24	4	
61	0.403642	18	19	27	30	35	0	2	26	10	46	22	31	32	37	21	5	49	42	34	
62	0.604582	4	19	27	30	35	
63	1.153808	1	19	
64	0.688315	3	27	30	35	
65	0.465493	1	27	
66	0.005561	2	30	35	
67	0.459932	1	30	
68	0.459932	1	35	
69	0.007014	14	0	2	26	10	46	22	31	32	37	21	5	49	42	34	
70	0.007702	11	0	2	26	10	46	22	31	32	37	21	5	
71	0.606192	9	0	2	26	10	46	22	31	32	37	
72	0.395546	8	0	2	26	10	46	22	31	32	
73	0.009993	2	0	2	
74	0.731943	1	0	
75	0.731943	1	2	
76	0.061665	6	26	10	46	22	31	32	
77	0.525903	3	26	10	46	
78	0.154368	1	26	
79	0.025825	2	10	46	
80	0.128543	1	10	
81	0.128543	1	46	
82	0.136810	3	22	31	32	
83	0.372887	2	22	31	
84	0.170573	1	22	
85	0.170573	1	31	
86	0.543461	1	32	
87	1.137481	1	37	
88	1.532097	2	21	5	
89	0.211577	1	21	
90	0.211577	1	5	
91	0.372755	3	49	42	34	
92	1.378620	1	49	
93	0.958130	2	42	34	
94	0.420490	1	42	
95	0.420490	1	34	
96	1.753655	2	24	4	
97	0.408376	1	24	
98	0.408376	1	4	
It	Lh	Lh + Prior	No Pram	Alpha	Sigma^2	Alpha Scale Prior	Node ID	Scaler	Creat It	Node / Branch	
4000	-69.520166	-88.502270	6	2.178467	0.915864	1.100000	71	1.115802	3321	Branch	5	10.948247	2180	Node	64	1.201379	3712	Node	38	2.600070	2664	Branch	33	4.695254	3863	Branch	48	2.241527	3711	Branch	
5000	-71.223721	-84.484816	4	2.104596	0.896612	1.100000	5	4.507220	2180	Node	64	1.322873	4695	Node	52	3.159966	4953	Node	19	5.230413	4927	Node	
6000	-71.301198	-87.090842	4	2.360956	1.147138	1.100000	3	2.852846	2180	Node	42	1.368732	5962	Branch	19	2.628307	5937	Node	74	32.417377	5154	Branch	
7000	-68.621743	-85.282460	5	1.387826	0.735939	1.100000	2	6.458961	2180	Node	42	2.911549	6989	Node	62	0.541205	6807	Branch	54	1.536817	5962	Branch	74	15.472720	5154	Branch	
8000	-70.459513	-80.873249	3	1.369677	1.291993	1.100000	2	3.820804	2180	Node	73	1.309262	7999	Branch	74	7.191949	5154	Branch	
9000	-70.181906	-88.542265	6	1.377529	1.332229	1.100000	3	0.436359	8462	Branch	72	1.151687	8981	Branch	29	4.169660	8976	Node	5	8.366464	8401	Branch	46	0.729324	8411	Branch	75	1.974251	7999	Branch	
10000	-68.127731	-95.270294	9	1.976078	0.795138	1.100000	60	0.725097	9635	Branch	4	9.356407	9100	Node	41	2.321897	8462	Branch	26	4.883468	8976	Node	43	5.756517	9436	Branch	23	3.548620	9095	Branch	67	1.695205	9740	Branch	40	1.388937	9582	Branch	74	4.892441	9675	Branch	
