400
0	t146
1	t199
2	t195
3	t36
4	t170
5	t179
6	t390
7	t109
8	t163
9	t118
10	t321
11	t353
12	t270
13	t262
14	t305
15	t343
16	t58
17	t276
18	t393
19	t145
20	t205
21	t26
22	t219
23	t209
24	t3
25	t368
26	t370
27	t314
28	t167
29	t9
30	t361
31	t396
32	t132
33	t238
34	t346
35	t1
36	t28
37	t203
38	t198
39	t81
40	t23
41	t365
42	t186
43	t57
44	t158
45	t131
46	t231
47	t56
48	t211
49	t240
50	t15
51	t349
52	t319
53	t135
54	t237
55	t282
56	t139
57	t386
58	t137
59	t40
60	t369
61	t295
62	t166
63	t106
64	t117
65	t210
66	t227
67	t241
68	t394
69	t35
70	t388
71	t94
72	t382
73	t194
74	t157
75	t389
76	t363
77	t4
78	t93
79	t254
80	t185
81	t162
82	t21
83	t133
84	t102
85	t134
86	t83
87	t202
88	t261
89	t311
90	t249
91	t340
92	t399
93	t220
94	t29
95	t63
96	t80
97	t384
98	t176
99	t285
100	t281
101	t126
102	t316
103	t190
104	t197
105	t400
106	t99
107	t78
108	t12
109	t6
110	t168
111	t120
112	t39
113	t358
114	t306
115	t200
116	t337
117	t225
118	t164
119	t296
120	t257
121	t196
122	t286
123	t289
124	t62
125	t27
126	t266
127	t150
128	t284
129	t174
130	t191
131	t182
132	t25
133	t24
134	t392
135	t348
136	t43
137	t307
138	t278
139	t258
140	t14
141	t32
142	t244
143	t327
144	t42
145	t226
146	t380
147	t98
148	t72
149	t373
150	t129
151	t201
152	t33
153	t356
154	t351
155	t206
156	t252
157	t215
158	t342
159	t49
160	t371
161	t287
162	t312
163	t193
164	t156
165	t113
166	t331
167	t128
168	t302
169	t304
170	t366
171	t293
172	t89
173	t223
174	t165
175	t107
176	t265
177	t300
178	t279
179	t54
180	t250
181	t232
182	t5
183	t65
184	t355
185	t260
186	t256
187	t395
188	t155
189	t69
190	t91
191	t19
192	t92
193	t335
194	t123
195	t67
196	t8
197	t192
198	t272
199	t259
200	t171
201	t59
202	t73
203	t397
204	t344
205	t20
206	t222
207	t183
208	t13
209	t87
210	t336
211	t88
212	t367
213	t298
214	t76
215	t334
216	t178
217	t387
218	t90
219	t142
220	t322
221	t341
222	t309
223	t177
224	t376
225	t359
226	t61
227	t277
228	t79
229	t264
230	t391
231	t364
232	t96
233	t119
234	t7
235	t181
236	t229
237	t188
238	t283
239	t105
240	t48
241	t274
242	t173
243	t160
244	t95
245	t217
246	t378
247	t86
248	t70
249	t372
250	t169
251	t377
252	t66
253	t41
254	t374
255	t362
256	t212
257	t347
258	t159
259	t213
260	t11
261	t214
262	t224
263	t115
264	t294
265	t324
266	t141
267	t101
268	t152
269	t97
270	t230
271	t379
272	t332
273	t275
274	t108
275	t338
276	t189
277	t360
278	t60
279	t82
280	t161
281	t313
282	t37
283	t245
284	t47
285	t208
286	t121
287	t242
288	t268
289	t320
290	t144
291	t34
292	t136
293	t64
294	t218
295	t140
296	t10
297	t273
298	t308
299	t292
300	t233
301	t50
302	t44
303	t55
304	t18
305	t297
306	t236
307	t317
308	t74
309	t330
310	t172
311	t110
312	t45
313	t357
314	t339
315	t180
316	t104
317	t280
318	t71
319	t350
320	t253
321	t221
322	t2
323	t288
324	t151
325	t263
326	t301
327	t125
328	t246
329	t329
330	t31
331	t310
332	t303
333	t143
334	t345
335	t290
336	t299
337	t325
338	t130
339	t149
340	t53
341	t398
342	t269
343	t138
344	t333
345	t175
346	t385
347	t85
348	t204
349	t51
350	t75
351	t352
352	t46
353	t207
354	t16
355	t30
356	t354
357	t17
358	t291
359	t247
360	t103
361	t153
362	t147
363	t22
364	t52
365	t127
366	t122
367	t235
368	t187
369	t148
370	t326
371	t328
372	t234
373	t315
374	t111
375	t84
376	t318
377	t255
378	t68
379	t154
380	t383
381	t381
382	t243
383	t184
384	t100
385	t323
386	t124
387	t271
388	t267
389	t239
390	t248
391	t116
392	t112
393	t375
394	t228
395	t38
396	t216
397	t114
398	t251
399	t77
799
0	0.082612	400	170	100	282	280	159	259	66	75	243	398	185	202	180	65	21	307	19	299	52	63	242	48	257	154	387	23	140	187	72	298	86	246	8	234	133	143	177	96	35	317	397	228	148	229	88	173	139	294	7	1	205	352	82	308	183	370	9	176	157	42	331	199	155	127	179	54	216	305	210	281	163	277	343	213	385	341	278	0	95	363	335	41	258	77	321	220	56	98	334	158	191	74	3	231	171	123	267	166	223	128	104	190	156	375	87	136	212	340	78	97	345	10	60	342	263	175	193	350	338	388	309	374	184	347	310	320	20	62	145	69	61	18	197	222	146	6	219	266	172	80	201	30	93	117	150	12	196	284	53	383	112	118	315	273	351	303	314	319	301	361	378	45	249	269	355	241	64	262	26	161	195	109	336	239	221	395	323	306	36	300	252	217	122	16	218	226	268	169	51	356	126	167	225	376	318	46	110	290	366	134	31	235	287	372	296	162	209	364	198	327	245	214	236	37	71	384	326	391	312	29	325	94	168	255	211	329	293	311	49	390	270	260	138	275	174	130	256	152	253	332	44	22	81	233	204	129	238	28	283	50	394	76	102	373	215	313	115	5	13	389	392	58	346	381	103	186	192	33	73	348	90	328	254	160	339	43	70	399	207	121	91	251	203	368	105	333	380	189	337	230	244	359	83	194	34	38	47	272	114	393	131	141	14	295	250	206	67	79	144	265	208	124	55	344	353	349	188	324	99	178	291	264	11	132	379	279	200	24	59	27	101	237	25	2	120	330	396	135	371	369	85	119	84	377	108	181	149	164	382	113	40	240	89	151	247	182	116	365	354	248	137	357	289	288	285	276	367	142	322	292	304	15	57	271	92	147	232	4	224	261	316	106	125	165	227	302	68	107	17	286	274	32	111	39	358	386	360	297	153	362	
1	0.303760	213	170	100	282	280	159	259	66	75	243	398	185	202	180	65	21	307	19	299	52	63	242	48	257	154	387	23	140	187	72	298	86	246	8	234	133	143	177	96	35	317	397	228	148	229	88	173	139	294	7	1	205	352	82	308	183	370	9	176	157	42	331	199	155	127	179	54	216	305	210	281	163	277	343	213	385	341	278	0	95	363	335	41	258	77	321	220	56	98	334	158	191	74	3	231	171	123	267	166	223	128	104	190	156	375	87	136	212	340	78	97	345	10	60	342	263	175	193	350	338	388	309	374	184	347	310	320	20	62	145	69	61	18	197	222	146	6	219	266	172	80	201	30	93	117	150	12	196	284	53	383	112	118	315	273	351	303	314	319	301	361	378	45	249	269	355	241	64	262	26	161	195	109	336	239	221	395	323	306	36	300	252	217	122	16	218	226	268	169	51	356	126	167	225	376	318	46	110	290	366	134	31	235	287	372	296	162	209	364	198	327	245	214	236	
2	0.603940	163	170	100	282	280	159	259	66	75	243	398	185	202	180	65	21	307	19	299	52	63	242	48	257	154	387	23	140	187	72	298	86	246	8	234	133	143	177	96	35	317	397	228	148	229	88	173	139	294	7	1	205	352	82	308	183	370	9	176	157	42	331	199	155	127	179	54	216	305	210	281	163	277	343	213	385	341	278	0	95	363	335	41	258	77	321	220	56	98	334	158	191	74	3	231	171	123	267	166	223	128	104	190	156	375	87	136	212	340	78	97	345	10	60	342	263	175	193	350	338	388	309	374	184	347	310	320	20	62	145	69	61	18	197	222	146	6	219	266	172	80	201	30	93	117	150	12	196	284	53	383	112	118	315	273	351	303	314	319	301	361	378	45	249	
3	0.252994	131	170	100	282	280	159	259	66	75	243	398	185	202	180	65	21	307	19	299	52	63	242	48	257	154	387	23	140	187	72	298	86	246	8	234	133	143	177	96	35	317	397	228	148	229	88	173	139	294	7	1	205	352	82	308	183	370	9	176	157	42	331	199	155	127	179	54	216	305	210	281	163	277	343	213	385	341	278	0	95	363	335	41	258	77	321	220	56	98	334	158	191	74	3	231	171	123	267	166	223	128	104	190	156	375	87	136	212	340	78	97	345	10	60	342	263	175	193	350	338	388	309	374	184	347	310	320	20	62	145	69	61	
4	0.046261	82	170	100	282	280	159	259	66	75	243	398	185	202	180	65	21	307	19	299	52	63	242	48	257	154	387	23	140	187	72	298	86	246	8	234	133	143	177	96	35	317	397	228	148	229	88	173	139	294	7	1	205	352	82	308	183	370	9	176	157	42	331	199	155	127	179	54	216	305	210	281	163	277	343	213	385	341	278	0	95	363	335	41	
5	2.895908	12	170	100	282	280	159	259	66	75	243	398	185	202	
6	0.075568	9	170	100	282	280	159	259	66	75	243	
7	0.014849	7	170	100	282	280	159	259	66	
8	0.007333	4	170	100	282	280	
9	0.642747	2	170	100	
10	0.242292	1	170	
11	0.242292	1	100	
12	0.656649	2	282	280	
13	0.228391	1	282	
14	0.228391	1	280	
15	0.447920	3	159	259	66	
16	0.376560	2	159	259	
17	0.067892	1	159	
18	0.067892	1	259	
19	0.444452	1	66	
20	0.106904	2	75	243	
21	0.800317	1	75	
22	0.800317	1	243	
23	0.294140	3	398	185	202	
24	0.688649	1	398	
25	0.192860	2	185	202	
26	0.495789	1	185	
27	0.495789	1	202	
28	0.881725	70	180	65	21	307	19	299	52	63	242	48	257	154	387	23	140	187	72	298	86	246	8	234	133	143	177	96	35	317	397	228	148	229	88	173	139	294	7	1	205	352	82	308	183	370	9	176	157	42	331	199	155	127	179	54	216	305	210	281	163	277	343	213	385	341	278	0	95	363	335	41	
29	0.011005	56	180	65	21	307	19	299	52	63	242	48	257	154	387	23	140	187	72	298	86	246	8	234	133	143	177	96	35	317	397	228	148	229	88	173	139	294	7	1	205	352	82	308	183	370	9	176	157	42	331	199	155	127	179	54	216	305	
30	0.521299	31	180	65	21	307	19	299	52	63	242	48	257	154	387	23	140	187	72	298	86	246	8	234	133	143	177	96	35	317	397	228	148	
31	2.464667	1	180	
32	0.210548	30	65	21	307	19	299	52	63	242	48	257	154	387	23	140	187	72	298	86	246	8	234	133	143	177	96	35	317	397	228	148	
33	2.254119	1	65	
34	0.016925	29	21	307	19	299	52	63	242	48	257	154	387	23	140	187	72	298	86	246	8	234	133	143	177	96	35	317	397	228	148	
35	0.050523	28	21	307	19	299	52	63	242	48	257	154	387	23	140	187	72	298	86	246	8	234	133	143	177	96	35	317	397	228	
36	0.160374	20	21	307	19	299	52	63	242	48	257	154	387	23	140	187	72	298	86	246	8	234	
37	1.383126	3	21	307	19	
38	0.643172	1	21	
39	0.444690	2	307	19	
40	0.198483	1	307	
41	0.198483	1	19	
42	0.034695	17	299	52	63	242	48	257	154	387	23	140	187	72	298	86	246	8	234	
43	1.991603	1	299	
44	0.805252	16	52	63	242	48	257	154	387	23	140	187	72	298	86	246	8	234	
45	0.005408	5	52	63	242	48	257	
46	1.180943	1	52	
47	0.474652	4	63	242	48	257	
48	0.639577	2	63	242	
49	0.066713	1	63	
50	0.066713	1	242	
51	0.523103	2	48	257	
52	0.183187	1	48	
53	0.183187	1	257	
54	0.059569	11	154	387	23	140	187	72	298	86	246	8	234	
55	0.354452	6	154	387	23	140	187	72	
56	0.104869	3	154	387	23	
57	0.667460	1	154	
58	0.234579	2	387	23	
59	0.432882	1	387	
60	0.432882	1	23	
61	0.499128	3	140	187	72	
62	0.169621	2	140	187	
63	0.103580	1	140	
64	0.103580	1	187	
65	0.273201	1	72	
66	0.163313	5	298	86	246	8	234	
67	0.255054	4	298	86	246	8	
68	0.556821	2	298	86	
69	0.151594	1	298	
70	0.151594	1	86	
71	0.470806	2	246	8	
72	0.237609	1	246	
73	0.237609	1	8	
74	0.963469	1	234	
75	0.432382	8	133	143	177	96	35	317	397	228	
76	0.322094	3	133	143	177	
77	1.432197	1	133	
78	1.210957	2	143	177	
79	0.221240	1	143	
80	0.221240	1	177	
81	0.860472	5	96	35	317	397	228	
82	0.893818	1	96	
83	0.097126	4	35	317	397	228	
84	0.796693	1	35	
85	0.020234	3	317	397	228	
86	0.776458	1	317	
87	0.419229	2	397	228	
88	0.357230	1	397	
89	0.357230	1	228	
90	2.237194	1	148	
91	0.332662	25	229	88	173	139	294	7	1	205	352	82	308	183	370	9	176	157	42	331	199	155	127	179	54	216	305	
92	0.499431	23	229	88	173	139	294	7	1	205	352	82	308	183	370	9	176	157	42	331	199	155	127	179	54	
93	0.431870	18	229	88	173	139	294	7	1	205	352	82	308	183	370	9	176	157	42	331	
94	0.789529	17	229	88	173	139	294	7	1	205	352	82	308	183	370	9	176	157	42	
95	0.105379	12	229	88	173	139	294	7	1	205	352	82	308	183	
96	0.248387	9	229	88	173	139	294	7	1	205	352	
97	0.041710	7	229	88	173	139	294	7	1	
98	0.388462	2	229	88	
99	0.148537	1	229	
100	0.148537	1	88	
101	0.272686	5	173	139	294	7	1	
102	0.086283	2	173	139	
103	0.178029	1	173	
104	0.178029	1	139	
105	0.121882	3	294	7	1	
106	0.142431	1	294	
107	0.057385	2	7	1	
108	0.085045	1	7	
109	0.085045	1	1	
110	0.501831	2	205	352	
111	0.076878	1	205	
112	0.076878	1	352	
113	0.735663	3	82	308	183	
114	0.091432	1	82	
115	0.018103	2	308	183	
116	0.073330	1	308	
117	0.073330	1	183	
118	0.031929	5	370	9	176	157	42	
119	0.900545	1	370	
120	0.629106	4	9	176	157	42	
121	0.015137	3	9	176	157	
122	0.027584	2	9	176	
123	0.228718	1	9	
124	0.228718	1	176	
125	0.256302	1	157	
126	0.271439	1	42	
127	1.722003	1	331	
128	1.445618	5	199	155	127	179	54	
129	0.230269	4	199	155	127	179	
130	0.063271	3	199	155	127	
131	0.353172	2	199	155	
132	0.061545	1	199	
133	0.061545	1	155	
134	0.414716	1	127	
135	0.477987	1	179	
136	0.708255	1	54	
137	2.603097	2	216	305	
138	0.050207	1	216	
139	0.050207	1	305	
140	1.162889	14	210	281	163	277	343	213	385	341	278	0	95	363	335	41	
141	0.616693	7	210	281	163	277	343	213	385	
142	0.601621	5	210	281	163	277	343	
143	0.491709	2	210	281	
144	0.124061	1	210	
145	0.124061	1	281	
146	0.260421	3	163	277	343	
147	0.355349	1	163	
148	0.202827	2	277	343	
149	0.152522	1	277	
150	0.152522	1	343	
151	0.798178	2	213	385	
152	0.419212	1	213	
153	0.419212	1	385	
154	0.828625	7	341	278	0	95	363	335	41	
155	0.085075	6	341	278	0	95	363	335	
156	0.366429	3	341	278	0	
157	0.553954	1	341	
158	0.505705	2	278	0	
159	0.048248	1	278	
160	0.048248	1	0	
161	0.401893	3	95	363	335	
162	0.373403	2	95	363	
163	0.145087	1	95	
164	0.145087	1	363	
165	0.518490	1	335	
166	1.005458	1	41	
167	1.126618	49	258	77	321	220	56	98	334	158	191	74	3	231	171	123	267	166	223	128	104	190	156	375	87	136	212	340	78	97	345	10	60	342	263	175	193	350	338	388	309	374	184	347	310	320	20	62	145	69	61	
168	1.461464	17	258	77	321	220	56	98	334	158	191	74	3	231	171	123	267	166	223	
169	0.064904	9	258	77	321	220	56	98	334	158	191	
170	1.271972	1	258	
171	0.275695	8	77	321	220	56	98	334	158	191	
172	0.054848	4	77	321	220	56	
173	0.274392	3	77	321	220	
174	0.412606	2	77	321	
175	0.254431	1	77	
176	0.254431	1	321	
177	0.667037	1	220	
178	0.941429	1	56	
179	0.248557	4	98	334	158	191	
180	0.478616	3	98	334	158	
181	0.087300	2	98	334	
182	0.181803	1	98	
183	0.181803	1	334	
184	0.269104	1	158	
185	0.747720	1	191	
186	0.503551	8	74	3	231	171	123	267	166	223	
187	0.068511	5	74	3	231	171	123	
188	0.307758	3	74	3	231	
189	0.457057	1	74	
190	0.190545	2	3	231	
191	0.266512	1	3	
192	0.266512	1	231	
193	0.751698	2	171	123	
194	0.013117	1	171	
195	0.013117	1	123	
196	0.154220	3	267	166	223	
197	0.480520	2	267	166	
198	0.198586	1	267	
199	0.198586	1	166	
200	0.679106	1	223	
201	0.144196	32	128	104	190	156	375	87	136	212	340	78	97	345	10	60	342	263	175	193	350	338	388	309	374	184	347	310	320	20	62	145	69	61	
202	0.589424	22	128	104	190	156	375	87	136	212	340	78	97	345	10	60	342	263	175	193	350	338	388	309	
203	0.774103	12	128	104	190	156	375	87	136	212	340	78	97	345	
204	0.488226	3	128	104	190	
205	0.052061	2	128	104	
206	0.750330	1	128	
207	0.750330	1	104	
208	0.802391	1	190	
209	0.071801	9	156	375	87	136	212	340	78	97	345	
210	0.455405	8	156	375	87	136	212	340	78	97	
211	0.119735	5	156	375	87	136	212	
212	0.178026	4	156	375	87	136	
213	0.021631	3	156	375	87	
214	0.444017	1	156	
215	0.038650	2	375	87	
216	0.405367	1	375	
217	0.405367	1	87	
218	0.465649	1	136	
219	0.643675	1	212	
220	0.615804	3	340	78	97	
221	0.052987	2	340	78	
222	0.094619	1	340	
223	0.094619	1	78	
224	0.147606	1	97	
225	1.218815	1	345	
226	0.431594	10	10	60	342	263	175	193	350	338	388	309	
227	1.633126	1	10	
228	0.181421	9	60	342	263	175	193	350	338	388	309	
229	1.188204	3	60	342	263	
230	0.263502	1	60	
231	0.254120	2	342	263	
232	0.009381	1	342	
233	0.009381	1	263	
234	0.534294	6	175	193	350	338	388	309	
235	0.822683	2	175	193	
236	0.094729	1	175	
237	0.094729	1	193	
238	0.015992	4	350	338	388	309	
239	0.901420	1	350	
240	0.767135	3	338	388	309	
241	0.085315	2	338	388	
242	0.048971	1	338	
243	0.048971	1	388	
244	0.134285	1	309	
245	0.219650	10	374	184	347	310	320	20	62	145	69	61	
246	1.152583	8	374	184	347	310	320	20	62	145	
247	0.420116	6	374	184	347	310	320	20	
248	0.861794	1	374	
249	0.293005	5	184	347	310	320	20	
250	0.083187	4	184	347	310	320	
251	0.485602	1	184	
252	0.214374	3	347	310	320	
253	0.220866	2	347	310	
254	0.050361	1	347	
255	0.050361	1	310	
256	0.271227	1	320	
257	0.568789	1	20	
258	1.016199	2	62	145	
259	0.265712	1	62	
260	0.265712	1	145	
261	1.728151	2	69	61	
262	0.706343	1	69	
263	0.706343	1	61	
264	0.885149	32	18	197	222	146	6	219	266	172	80	201	30	93	117	150	12	196	284	53	383	112	118	315	273	351	303	314	319	301	361	378	45	249	
265	0.884092	30	18	197	222	146	6	219	266	172	80	201	30	93	117	150	12	196	284	53	383	112	118	315	273	351	303	314	319	301	361	378	
266	1.305894	15	18	197	222	146	6	219	266	172	80	201	30	93	117	150	12	
267	1.102817	1	18	
268	0.302953	14	197	222	146	6	219	266	172	80	201	30	93	117	150	12	
269	0.056939	10	197	222	146	6	219	266	172	80	201	30	
270	0.274712	2	197	222	
271	0.468214	1	197	
272	0.468214	1	222	
273	0.159346	8	146	6	219	266	172	80	201	30	
274	0.120437	5	146	6	219	266	172	
275	0.463143	1	146	
276	0.049332	4	6	219	266	172	
277	0.413810	1	6	
278	0.087688	3	219	266	172	
279	0.156198	2	219	266	
280	0.169924	1	219	
281	0.169924	1	266	
282	0.326122	1	172	
283	0.269295	3	80	201	30	
284	0.314285	1	80	
285	0.300852	2	201	30	
286	0.013433	1	201	
287	0.013433	1	30	
288	0.314865	4	93	117	150	12	
289	0.484999	1	93	
290	0.141176	3	117	150	12	
291	0.343824	1	117	
292	0.201322	2	150	12	
293	0.142502	1	150	
294	0.142502	1	12	
295	0.168832	15	196	284	53	383	112	118	315	273	351	303	314	319	301	361	378	
296	0.643374	8	196	284	53	383	112	118	315	273	
297	1.596505	1	196	
298	0.706935	7	284	53	383	112	118	315	273	
299	0.588498	3	284	53	383	
300	0.249972	2	284	53	
301	0.051100	1	284	
302	0.051100	1	53	
303	0.301072	1	383	
304	0.117634	4	112	118	315	273	
305	0.246185	3	112	118	315	
306	0.525751	1	112	
307	0.334190	2	118	315	
308	0.191560	1	118	
309	0.191560	1	315	
310	0.771936	1	273	
311	1.266160	7	351	303	314	319	301	361	378	
312	0.882811	2	351	303	
313	0.090908	1	351	
314	0.090908	1	303	
315	0.014328	5	314	319	301	361	378	
316	0.959391	1	314	
317	0.488980	4	319	301	361	378	
318	0.102622	3	319	301	361	
319	0.367789	1	319	
320	0.155174	2	301	361	
321	0.212615	1	301	
322	0.212615	1	361	
323	0.470411	1	378	
324	2.503645	2	45	249	
325	0.789158	1	45	
326	0.789158	1	249	
327	0.249207	50	269	355	241	64	262	26	161	195	109	336	239	221	395	323	306	36	300	252	217	122	16	218	226	268	169	51	356	126	167	225	376	318	46	110	290	366	134	31	235	287	372	296	162	209	364	198	327	245	214	236	
328	0.128806	31	269	355	241	64	262	26	161	195	109	336	239	221	395	323	306	36	300	252	217	122	16	218	226	268	169	51	356	126	167	225	376	
329	0.478984	30	269	355	241	64	262	26	161	195	109	336	239	221	395	323	306	36	300	252	217	122	16	218	226	268	169	51	356	126	167	225	
330	0.743515	24	269	355	241	64	262	26	161	195	109	336	239	221	395	323	306	36	300	252	217	122	16	218	226	268	
331	0.425586	16	269	355	241	64	262	26	161	195	109	336	239	221	395	323	306	36	
332	1.476145	9	269	355	241	64	262	26	161	195	109	
333	0.290343	5	269	355	241	64	262	
334	0.989307	1	269	
335	0.425055	4	355	241	64	262	
336	0.070052	2	355	241	
337	0.494200	1	355	
338	0.494200	1	241	
339	0.278786	2	64	262	
340	0.285466	1	64	
341	0.285466	1	262	
342	0.062694	4	26	161	195	109	
343	1.216956	1	26	
344	0.934652	3	161	195	109	
345	0.163664	2	161	195	
346	0.118639	1	161	
347	0.118639	1	195	
348	0.282303	1	109	
349	0.551755	7	336	239	221	395	323	306	36	
350	2.012466	2	336	239	
351	0.191574	1	336	
352	0.191574	1	239	
353	0.805901	5	221	395	323	306	36	
354	1.197169	4	221	395	323	306	
355	0.200970	1	221	
356	0.125098	3	395	323	306	
357	0.056596	2	395	323	
358	0.019276	1	395	
359	0.019276	1	323	
360	0.075872	1	306	
361	1.398139	1	36	
362	2.442751	8	300	252	217	122	16	218	226	268	
363	0.482390	4	300	252	217	122	
364	0.186684	2	300	252	
365	0.069556	1	300	
366	0.069556	1	252	
367	0.236079	2	217	122	
368	0.020160	1	217	
369	0.020160	1	122	
370	0.169651	4	16	218	226	268	
371	0.568979	1	16	
372	0.170588	3	218	226	268	
373	0.398391	1	218	
374	0.085067	2	226	268	
375	0.313324	1	226	
376	0.313324	1	268	
377	3.359553	6	169	51	356	126	167	225	
378	0.095636	3	169	51	356	
379	0.144664	2	169	51	
380	0.325042	1	169	
381	0.325042	1	51	
382	0.469706	1	356	
383	0.328610	3	126	167	225	
384	0.236733	1	126	
385	0.201681	2	167	225	
386	0.035051	1	167	
387	0.035051	1	225	
388	4.403880	1	376	
389	2.321118	19	318	46	110	290	366	134	31	235	287	372	296	162	209	364	198	327	245	214	236	
390	1.759745	2	318	46	
391	0.451822	1	318	
392	0.451822	1	46	
393	0.964145	17	110	290	366	134	31	235	287	372	296	162	209	364	198	327	245	214	236	
394	0.070268	12	110	290	366	134	31	235	287	372	296	162	209	364	
395	0.122594	10	110	290	366	134	31	235	287	372	296	162	
396	0.251244	6	110	290	366	134	31	235	
397	0.803315	1	110	
398	0.339197	5	290	366	134	31	235	
399	0.400021	2	290	366	
400	0.064097	1	290	
401	0.064097	1	366	
402	0.429241	3	134	31	235	
403	0.034878	1	134	
404	0.012217	2	31	235	
405	0.022661	1	31	
406	0.022661	1	235	
407	0.699681	4	287	372	296	162	
408	0.221220	2	287	372	
409	0.133658	1	287	
410	0.133658	1	372	
411	0.318960	2	296	162	
412	0.035918	1	296	
413	0.035918	1	162	
414	0.992672	2	209	364	
415	0.184482	1	209	
416	0.184482	1	364	
417	0.636295	5	198	327	245	214	236	
418	0.611126	1	198	
419	0.037676	4	327	245	214	236	
420	0.472442	2	327	245	
421	0.101008	1	327	
422	0.101008	1	245	
423	0.349847	2	214	236	
424	0.223602	1	214	
425	0.223602	1	236	
426	1.200446	187	37	71	384	326	391	312	29	325	94	168	255	211	329	293	311	49	390	270	260	138	275	174	130	256	152	253	332	44	22	81	233	204	129	238	28	283	50	394	76	102	373	215	313	115	5	13	389	392	58	346	381	103	186	192	33	73	348	90	328	254	160	339	43	70	399	207	121	91	251	203	368	105	333	380	189	337	230	244	359	83	194	34	38	47	272	114	393	131	141	14	295	250	206	67	79	144	265	208	124	55	344	353	349	188	324	99	178	291	264	11	132	379	279	200	24	59	27	101	237	25	2	120	330	396	135	371	369	85	119	84	377	108	181	149	164	382	113	40	240	89	151	247	182	116	365	354	248	137	357	289	288	285	276	367	142	322	292	304	15	57	271	92	147	232	4	224	261	316	106	125	165	227	302	68	107	17	286	274	32	111	39	358	386	360	297	153	362	
427	0.900157	69	37	71	384	326	391	312	29	325	94	168	255	211	329	293	311	49	390	270	260	138	275	174	130	256	152	253	332	44	22	81	233	204	129	238	28	283	50	394	76	102	373	215	313	115	5	13	389	392	58	346	381	103	186	192	33	73	348	90	328	254	160	339	43	70	399	207	121	91	251	
428	0.444015	31	37	71	384	326	391	312	29	325	94	168	255	211	329	293	311	49	390	270	260	138	275	174	130	256	152	253	332	44	22	81	233	
429	0.892400	20	37	71	384	326	391	312	29	325	94	168	255	211	329	293	311	49	390	270	260	138	
430	0.745526	16	37	71	384	326	391	312	29	325	94	168	255	211	329	293	311	49	
431	0.080955	13	37	71	384	326	391	312	29	325	94	168	255	211	329	
432	0.076066	3	37	71	384	
433	0.746088	1	37	
434	0.396291	2	71	384	
435	0.349797	1	71	
436	0.349797	1	384	
437	0.072340	10	326	391	312	29	325	94	168	255	211	329	
438	0.163599	7	326	391	312	29	325	94	168	
439	0.162341	2	326	391	
440	0.423875	1	326	
441	0.423875	1	391	
442	0.276272	5	312	29	325	94	168	
443	0.145525	3	312	29	325	
444	0.164419	1	312	
445	0.068531	2	29	325	
446	0.095888	1	29	
447	0.095888	1	325	
448	0.220900	2	94	168	
449	0.089044	1	94	
450	0.089044	1	168	
451	0.326063	3	255	211	329	
452	0.212105	2	255	211	
453	0.211648	1	255	
454	0.211648	1	211	
455	0.423752	1	329	
456	0.075155	3	293	311	49	
457	0.726923	2	293	311	
458	0.101031	1	293	
459	0.101031	1	311	
460	0.827954	1	49	
461	1.221339	4	390	270	260	138	
462	0.415649	2	390	270	
463	0.011648	1	390	
464	0.011648	1	270	
465	0.171408	2	260	138	
466	0.255889	1	260	
467	0.255889	1	138	
468	0.333257	11	275	174	130	256	152	253	332	44	22	81	233	
469	0.031391	6	275	174	130	256	152	253	
470	1.919710	5	275	174	130	256	152	
471	0.091270	3	275	174	130	
472	0.165406	1	275	
473	0.111958	2	174	130	
474	0.053448	1	174	
475	0.053448	1	130	
476	0.140467	2	256	152	
477	0.116210	1	256	
478	0.116210	1	152	
479	2.176387	1	253	
480	1.186498	5	332	44	22	81	233	
481	0.099380	4	332	44	22	81	
482	0.844820	2	332	44	
483	0.077080	1	332	
484	0.077080	1	44	
485	0.607214	2	22	81	
486	0.314685	1	22	
487	0.314685	1	81	
488	1.021280	1	233	
489	0.465340	38	204	129	238	28	283	50	394	76	102	373	215	313	115	5	13	389	392	58	346	381	103	186	192	33	73	348	90	328	254	160	339	43	70	399	207	121	91	251	
490	0.569571	25	204	129	238	28	283	50	394	76	102	373	215	313	115	5	13	389	392	58	346	381	103	186	192	33	73	
491	0.580281	5	204	129	238	28	283	
492	1.369859	1	204	
493	0.739909	4	129	238	28	283	
494	0.629950	1	129	
495	0.083312	3	238	28	283	
496	0.546638	1	238	
497	0.447644	2	28	283	
498	0.098993	1	28	
499	0.098993	1	283	
500	0.558283	20	50	394	76	102	373	215	313	115	5	13	389	392	58	346	381	103	186	192	33	73	
501	0.101648	9	50	394	76	102	373	215	313	115	5	
502	1.119286	2	50	394	
503	0.170923	1	50	
504	0.170923	1	394	
505	0.590049	7	76	102	373	215	313	115	5	
506	0.700160	1	76	
507	0.008415	6	102	373	215	313	115	5	
508	0.623735	3	102	373	215	
509	0.010920	2	102	373	
510	0.057090	1	102	
511	0.057090	1	373	
512	0.068009	1	215	
513	0.224043	3	313	115	5	
514	0.467702	1	313	
515	0.115991	2	115	5	
516	0.351711	1	115	
517	0.351711	1	5	
518	0.200934	11	13	389	392	58	346	381	103	186	192	33	73	
519	1.190923	1	13	
520	0.149081	10	389	392	58	346	381	103	186	192	33	73	
521	0.265276	8	389	392	58	346	381	103	186	192	
522	0.155708	5	389	392	58	346	381	
523	0.251064	2	389	392	
524	0.369794	1	389	
525	0.369794	1	392	
526	0.380855	3	58	346	381	
527	0.240003	1	58	
528	0.152290	2	346	381	
529	0.087713	1	346	
530	0.087713	1	381	
531	0.434061	3	103	186	192	
532	0.342504	1	103	
533	0.226190	2	186	192	
534	0.116314	1	186	
535	0.116314	1	192	
536	0.893974	2	33	73	
537	0.147868	1	33	
538	0.147868	1	73	
539	0.762399	13	348	90	328	254	160	339	43	70	399	207	121	91	251	
540	0.754388	7	348	90	328	254	160	339	43	
541	0.804194	3	348	90	328	
542	0.198731	1	348	
543	0.195525	2	90	328	
544	0.003206	1	90	
545	0.003206	1	328	
546	0.006915	4	254	160	339	43	
547	0.583759	2	254	160	
548	0.412250	1	254	
549	0.412250	1	160	
550	0.653881	2	339	43	
551	0.342128	1	339	
552	0.342128	1	43	
553	0.570917	6	70	399	207	121	91	251	
554	0.200328	5	70	399	207	121	91	
555	0.612555	2	70	399	
556	0.373512	1	70	
557	0.373512	1	399	
558	0.776673	3	207	121	91	
559	0.205327	2	207	121	
560	0.004068	1	207	
561	0.004068	1	121	
562	0.209394	1	91	
563	1.186395	1	251	
564	0.374413	118	203	368	105	333	380	189	337	230	244	359	83	194	34	38	47	272	114	393	131	141	14	295	250	206	67	79	144	265	208	124	55	344	353	349	188	324	99	178	291	264	11	132	379	279	200	24	59	27	101	237	25	2	120	330	396	135	371	369	85	119	84	377	108	181	149	164	382	113	40	240	89	151	247	182	116	365	354	248	137	357	289	288	285	276	367	142	322	292	304	15	57	271	92	147	232	4	224	261	316	106	125	165	227	302	68	107	17	286	274	32	111	39	358	386	360	297	153	362	
565	0.622065	38	203	368	105	333	380	189	337	230	244	359	83	194	34	38	47	272	114	393	131	141	14	295	250	206	67	79	144	265	208	124	55	344	353	349	188	324	99	178	
566	1.235711	8	203	368	105	333	380	189	337	230	
567	1.653019	1	203	
568	0.167951	7	368	105	333	380	189	337	230	
569	1.322095	3	368	105	333	
570	0.162973	1	368	
571	0.054775	2	105	333	
572	0.108198	1	105	
573	0.108198	1	333	
574	1.088646	4	380	189	337	230	
575	0.223679	3	380	189	337	
576	0.111151	2	380	189	
577	0.061592	1	380	
578	0.061592	1	189	
579	0.172743	1	337	
580	0.396422	1	230	
581	0.069358	30	244	359	83	194	34	38	47	272	114	393	131	141	14	295	250	206	67	79	144	265	208	124	55	344	353	349	188	324	99	178	
582	0.519297	8	244	359	83	194	34	38	47	272	
583	2.300074	1	244	
584	0.262621	7	359	83	194	34	38	47	272	
585	1.593294	5	359	83	194	34	38	
586	0.357513	2	359	83	
587	0.086647	1	359	
588	0.086647	1	83	
589	0.323981	3	194	34	38	
590	0.002262	2	194	34	
591	0.117916	1	194	
592	0.117916	1	34	
593	0.120179	1	38	
594	1.934931	2	47	272	
595	0.102522	1	47	
596	0.102522	1	272	
597	0.330171	22	114	393	131	141	14	295	250	206	67	79	144	265	208	124	55	344	353	349	188	324	99	178	
598	1.589901	11	114	393	131	141	14	295	250	206	67	79	144	
599	0.058499	9	114	393	131	141	14	295	250	206	67	
600	0.755312	2	114	393	
601	0.085489	1	114	
602	0.085489	1	393	
603	0.082850	7	131	141	14	295	250	206	67	
604	0.206439	4	131	141	14	295	
605	0.228055	2	131	141	
606	0.323456	1	131	
607	0.323456	1	141	
608	0.312293	2	14	295	
609	0.239218	1	14	
610	0.239218	1	295	
611	0.456006	3	250	206	67	
612	0.184603	2	250	206	
613	0.117342	1	250	
614	0.117342	1	206	
615	0.301944	1	67	
616	0.300408	2	79	144	
617	0.598891	1	79	
618	0.598891	1	144	
619	0.873922	11	265	208	124	55	344	353	349	188	324	99	178	
620	0.301125	7	265	208	124	55	344	353	349	
621	1.314153	1	265	
622	0.982744	6	208	124	55	344	353	349	
623	0.220238	2	208	124	
624	0.111171	1	208	
625	0.111171	1	124	
626	0.066848	4	55	344	353	349	
627	0.264562	1	55	
628	0.001140	3	344	353	349	
629	0.263422	1	344	
630	0.131327	2	353	349	
631	0.132095	1	353	
632	0.132095	1	349	
633	0.770414	4	188	324	99	178	
634	0.573738	3	188	324	99	
635	0.159875	2	188	324	
636	0.111252	1	188	
637	0.111252	1	324	
638	0.271127	1	99	
639	0.844865	1	178	
640	0.843478	80	291	264	11	132	379	279	200	24	59	27	101	237	25	2	120	330	396	135	371	369	85	119	84	377	108	181	149	164	382	113	40	240	89	151	247	182	116	365	354	248	137	357	289	288	285	276	367	142	322	292	304	15	57	271	92	147	232	4	224	261	316	106	125	165	227	302	68	107	17	286	274	32	111	39	358	386	360	297	153	362	
641	0.330271	11	291	264	11	132	379	279	200	24	59	27	101	
642	0.565843	5	291	264	11	132	379	
643	1.771203	1	291	
644	1.575288	4	264	11	132	379	
645	0.133711	3	264	11	132	
646	0.041087	2	264	11	
647	0.021116	1	264	
648	0.021116	1	11	
649	0.062204	1	132	
650	0.195914	1	379	
651	0.473638	6	279	200	24	59	27	101	
652	1.743923	2	279	200	
653	0.119484	1	279	
654	0.119484	1	200	
655	0.166873	4	24	59	27	101	
656	1.696535	1	24	
657	1.200865	3	59	27	101	
658	0.464170	2	59	27	
659	0.031499	1	59	
660	0.031499	1	27	
661	0.495669	1	101	
662	0.268460	69	237	25	2	120	330	396	135	371	369	85	119	84	377	108	181	149	164	382	113	40	240	89	151	247	182	116	365	354	248	137	357	289	288	285	276	367	142	322	292	304	15	57	271	92	147	232	4	224	261	316	106	125	165	227	302	68	107	17	286	274	32	111	39	358	386	360	297	153	362	
663	0.412412	55	237	25	2	120	330	396	135	371	369	85	119	84	377	108	181	149	164	382	113	40	240	89	151	247	182	116	365	354	248	137	357	289	288	285	276	367	142	322	292	304	15	57	271	92	147	232	4	224	261	316	106	125	165	227	302	
664	1.034701	2	237	25	
665	0.951743	1	237	
666	0.951743	1	25	
667	0.148745	53	2	120	330	396	135	371	369	85	119	84	377	108	181	149	164	382	113	40	240	89	151	247	182	116	365	354	248	137	357	289	288	285	276	367	142	322	292	304	15	57	271	92	147	232	4	224	261	316	106	125	165	227	302	
668	0.227563	7	2	120	330	396	135	371	369	
669	0.276442	4	2	120	330	396	
670	0.773618	2	2	120	
671	0.560076	1	2	
672	0.560076	1	120	
673	1.247322	2	330	396	
674	0.086373	1	330	
675	0.086373	1	396	
676	0.635075	3	135	371	369	
677	0.975062	1	135	
678	0.709035	2	371	369	
679	0.266027	1	371	
680	0.266027	1	369	
681	0.233677	46	85	119	84	377	108	181	149	164	382	113	40	240	89	151	247	182	116	365	354	248	137	357	289	288	285	276	367	142	322	292	304	15	57	271	92	147	232	4	224	261	316	106	125	165	227	302	
682	0.593975	6	85	119	84	377	108	181	
683	0.547916	3	85	119	84	
684	0.184323	2	85	119	
685	0.277808	1	85	
686	0.277808	1	119	
687	0.462131	1	84	
688	0.380081	3	377	108	181	
689	0.607385	2	377	108	
690	0.022582	1	377	
691	0.022582	1	108	
692	0.629966	1	181	
693	0.070651	40	149	164	382	113	40	240	89	151	247	182	116	365	354	248	137	357	289	288	285	276	367	142	322	292	304	15	57	271	92	147	232	4	224	261	316	106	125	165	227	302	
694	0.551363	10	149	164	382	113	40	240	89	151	247	182	
695	0.166649	4	149	164	382	113	
696	0.631012	2	149	164	
697	0.184346	1	149	
698	0.184346	1	164	
699	0.688121	2	382	113	
700	0.127237	1	382	
701	0.127237	1	113	
702	0.021027	6	40	240	89	151	247	182	
703	0.200188	2	40	240	
704	0.760793	1	40	
705	0.760793	1	240	
706	0.195188	4	89	151	247	182	
707	0.765793	1	89	
708	0.522233	3	151	247	182	
709	0.113124	2	151	247	
710	0.130435	1	151	
711	0.130435	1	247	
712	0.243559	1	182	
713	0.149640	30	116	365	354	248	137	357	289	288	285	276	367	142	322	292	304	15	57	271	92	147	232	4	224	261	316	106	125	165	227	302	
714	0.181485	11	116	365	354	248	137	357	289	288	285	276	367	
715	1.202245	1	116	
716	0.200254	10	365	354	248	137	357	289	288	285	276	367	
717	0.383927	7	365	354	248	137	357	289	288	
718	0.618064	1	365	
719	0.033076	6	354	248	137	357	289	288	
720	0.098824	2	354	248	
721	0.486164	1	354	
722	0.486164	1	248	
723	0.009610	4	137	357	289	288	
724	0.390172	2	137	357	
725	0.185207	1	137	
726	0.185207	1	357	
727	0.056683	2	289	288	
728	0.518696	1	289	
729	0.518696	1	288	
730	0.257722	3	285	276	367	
731	0.744269	1	285	
732	0.353856	2	276	367	
733	0.390413	1	276	
734	0.390413	1	367	
735	0.374656	19	142	322	292	304	15	57	271	92	147	232	4	224	261	316	106	125	165	227	302	
736	0.050674	15	142	322	292	304	15	57	271	92	147	232	4	224	261	316	106	
737	0.059359	11	142	322	292	304	15	57	271	92	147	232	4	
738	0.429950	4	142	322	292	304	
739	0.296339	2	142	322	
740	0.172752	1	142	
741	0.172752	1	322	
742	0.461627	2	292	304	
743	0.007464	1	292	
744	0.007464	1	304	
745	0.288190	7	15	57	271	92	147	232	4	
746	0.610851	1	15	
747	0.062957	6	57	271	92	147	232	4	
748	0.110852	5	57	271	92	147	232	
749	0.437042	1	57	
750	0.147249	4	271	92	147	232	
751	0.257118	2	271	92	
752	0.032675	1	271	
753	0.032675	1	92	
754	0.230449	2	147	232	
755	0.059344	1	147	
756	0.059344	1	232	
757	0.547894	1	4	
758	0.450331	4	224	261	316	106	
759	0.508069	1	224	
760	0.289537	3	261	316	106	
761	0.192393	2	261	316	
762	0.026139	1	261	
763	0.026139	1	316	
764	0.218531	1	106	
765	0.532268	4	125	165	227	302	
766	0.318955	2	125	165	
767	0.157851	1	125	
768	0.157851	1	165	
769	0.454698	2	227	302	
770	0.022108	1	227	
771	0.022108	1	302	
772	0.416862	14	68	107	17	286	274	32	111	39	358	386	360	297	153	362	
773	0.358255	7	68	107	17	286	274	32	111	
774	1.438009	2	68	107	
775	0.185730	1	68	
776	0.185730	1	107	
777	0.989212	5	17	286	274	32	111	
778	0.325296	2	17	286	
779	0.309230	1	17	
780	0.309230	1	286	
781	0.174950	3	274	32	111	
782	0.036522	2	274	32	
783	0.423055	1	274	
784	0.423055	1	32	
785	0.459577	1	111	
786	0.188087	7	39	358	386	360	297	153	362	
787	1.633983	3	39	358	386	
788	0.111863	2	39	358	
789	0.048060	1	39	
790	0.048060	1	358	
791	0.159923	1	386	
792	1.089308	4	360	297	153	362	
793	0.704599	1	360	
794	0.315223	3	297	153	362	
795	0.094507	2	297	153	
796	0.294869	1	297	
797	0.294869	1	153	
798	0.389376	1	362	
It	Lh	Lh + Prior	No Pram	Alpha	Sigma^2	Alpha Scale Prior	Node ID	Scaler	Creat It	Node / Branch	
4000	-582.282942	-655.523346	23	1.270738	1.129199	1.100000	564	3.049394	2282	Branch	667	6.018597	353	Node	772	0.857182	337	Node	651	2.060684	3823	Node	748	14.827427	196	Node	480	15.573342	3329	Branch	777	4.607772	1020	Node	792	14.876598	1050	Node	750	0.943768	3352	Node	493	1.797733	3807	Node	611	16.590628	288	Branch	676	3.516007	945	Branch	305	14.094719	2827	Node	408	2.598371	3291	Node	658	7.938249	2842	Branch	646	23.863426	502	Node	137	23.412776	345	Branch	774	3.993130	3026	Node	718	5.452881	1391	Branch	242	1.968129	1982	Branch	488	2.544192	3354	Branch	697	3.231070	354	Branch	631	0.070560	3196	Branch	
5000	-584.190722	-681.308964	32	1.390132	0.784031	1.100000	667	6.501984	353	Node	565	1.878780	2282	Branch	597	2.132392	4908	Node	772	2.608317	337	Node	431	2.530995	4224	Node	468	7.793908	3329	Branch	210	3.052340	4793	Branch	362	11.745196	4952	Branch	773	1.789556	3026	Node	651	8.990356	3823	Node	377	2.497023	4895	Branch	493	2.663773	3807	Node	461	6.391875	4877	Branch	792	17.517259	1050	Node	750	1.497518	3352	Node	113	2.750420	4988	Node	611	19.035171	288	Branch	630	0.065860	3196	Branch	658	6.827672	2842	Branch	646	14.960571	502	Node	408	11.322940	3291	Node	137	22.356855	345	Branch	560	6.622909	4072	Branch	177	4.791365	4401	Branch	104	3.732887	4639	Branch	718	4.582049	1391	Branch	679	2.355204	945	Branch	24	10.497436	4810	Branch	73	1.423803	4349	Branch	242	2.385610	1982	Branch	697	2.710654	354	Branch	488	5.056497	3354	Branch	
6000	-573.932653	-654.372363	27	0.711565	1.139807	1.100000	667	7.595870	353	Node	328	4.298278	4895	Branch	597	1.075651	4908	Node	437	1.118237	4224	Node	210	9.367237	4793	Branch	362	13.264197	4952	Branch	773	2.710581	337	Node	438	0.684497	5771	Branch	480	4.958692	3354	Branch	777	2.391285	3026	Node	792	22.383609	1050	Node	493	3.128195	3807	Node	156	0.265485	5468	Node	541	2.444138	5375	Node	559	4.961326	4072	Branch	678	2.004241	945	Branch	646	5.967976	502	Node	465	4.935192	4877	Branch	658	16.772350	2842	Branch	567	9.676843	5813	Branch	291	2.084080	5572	Branch	718	4.585461	1391	Branch	632	3.838520	3196	Branch	24	6.060351	4810	Branch	73	2.409120	4349	Branch	697	6.503156	354	Branch	104	3.471990	4639	Branch	
7000	-581.459454	-679.219382	31	2.003442	1.051754	1.100000	667	6.496086	353	Node	431	2.113476	4224	Node	203	2.356574	4793	Branch	619	3.404421	4908	Node	362	5.776506	4952	Branch	786	25.226410	1050	Node	540	0.614806	5375	Node	438	11.031564	5771	Branch	773	4.670500	337	Node	668	2.510575	945	Branch	777	1.274691	3026	Node	480	20.140500	3354	Branch	23	6.314882	4810	Branch	495	2.143916	3807	Node	423	1.725839	6965	Node	158	2.358766	5468	Node	658	17.843493	2842	Branch	559	20.694175	4072	Branch	689	19.538006	6523	Node	646	13.130023	502	Node	696	3.378053	354	Branch	71	7.099263	4349	Branch	731	4.512318	6921	Branch	567	2.348357	5813	Branch	291	7.956583	5572	Branch	718	5.565719	1391	Branch	784	5.890695	6658	Branch	24	21.164703	6585	Branch	104	1.611620	4639	Branch	659	2.077550	6466	Branch	319	3.065389	6864	Branch	
8000	-583.060644	-679.996398	29	0.991947	0.905086	1.100000	667	8.464555	353	Node	167	10.447255	7461	Branch	565	2.798393	5813	Branch	428	17.022233	3354	Branch	202	1.740732	7281	Node	140	0.727063	7991	Branch	431	2.234762	4224	Node	203	9.119637	4793	Branch	619	1.534527	4908	Node	786	24.365445	1050	Node	438	35.194320	5771	Branch	540	1.505365	5375	Node	773	6.243799	337	Node	417	1.326181	7502	Node	669	4.441455	945	Branch	495	4.349788	3807	Node	645	7.501120	502	Node	290	1.094465	5572	Branch	188	0.853182	7917	Node	71	5.627162	4349	Branch	778	1.058115	3026	Node	658	39.884448	2842	Branch	689	33.724667	6523	Node	319	1.396625	6864	Branch	784	3.411915	6658	Branch	24	31.074106	6585	Branch	659	2.836149	6466	Branch	421	11.962558	7704	Branch	731	0.787284	6921	Branch	
9000	-584.701864	-674.316331	29	1.046069	0.902528	1.100000	3	5.598199	7461	Branch	564	4.085163	5813	Branch	667	8.464555	353	Node	667	17.808772	945	Branch	428	8.827231	3354	Branch	597	1.534527	4908	Node	203	1.133149	7281	Node	203	8.064621	4793	Branch	228	3.818256	8858	Branch	773	12.489825	337	Node	154	0.087221	7991	Branch	786	4.625421	1050	Node	417	2.404918	7502	Node	493	8.095870	3807	Node	644	8.692909	502	Node	546	2.950972	5375	Node	290	7.588409	5572	Branch	188	0.853182	7917	Node	658	15.021092	2842	Branch	71	3.816220	4349	Branch	689	6.469669	6523	Node	319	1.601020	6864	Branch	441	29.716206	5771	Branch	104	4.571550	8006	Branch	583	6.513082	8346	Branch	784	5.647159	6658	Branch	24	5.741239	6585	Branch	659	4.341401	6466	Branch	26	9.870753	8283	Branch	
10000	-585.434829	-691.408875	36	0.560181	1.002898	1.100000	4	2.388889	7461	Branch	667	7.756227	353	Node	565	2.251288	5813	Branch	428	10.207182	3354	Branch	597	1.534527	4908	Node	203	10.074590	4793	Branch	786	11.381225	1050	Node	154	1.562636	7991	Branch	777	4.043016	9886	Node	442	4.956654	9542	Branch	669	9.939263	945	Branch	655	4.205985	9146	Node	546	1.648092	5375	Node	8	1.996462	9526	Node	655	10.335793	9614	Branch	130	3.813851	9841	Branch	188	0.853182	7917	Node	495	4.083679	3807	Node	645	5.380180	502	Node	258	0.204709	9221	Node	658	6.677779	2842	Branch	423	2.404918	7502	Node	476	6.032188	9038	Node	778	2.005305	9801	Node	689	2.397113	6523	Node	586	14.090756	9563	Node	742	0.694991	9989	Node	291	1.292198	5572	Branch	24	5.741239	6585	Branch	72	3.816220	4349	Branch	26	18.401787	8283	Branch	104	3.980755	8006	Branch	441	4.670965	5771	Branch	659	1.548401	6466	Branch	583	15.587465	8346	Branch	578	3.017629	9902	Branch	
