10
0	t6
1	t10
2	t1
3	t9
4	t8
5	t5
6	t3
7	t2
8	t4
9	t7
19
0	0.704693	10	3	4	5	6	0	2	7	8	9	1	
1	0.699927	4	3	4	5	6	
2	0.597749	1	3	
3	0.312344	3	4	5	6	
4	0.282415	2	4	5	
5	0.002989	1	4	
6	0.002989	1	5	
7	0.285405	1	6	
8	0.209873	6	0	2	7	8	9	1	
9	1.087803	1	0	
10	0.349914	5	2	7	8	9	1	
11	0.491718	3	2	7	8	
12	0.119519	2	2	7	
13	0.126653	1	2	
14	0.126653	1	7	
15	0.246172	1	8	
16	0.596140	2	9	1	
17	0.141749	1	9	
18	0.141749	1	1	
It	Lh	Lh + Prior	No Pram	Alpha	Sigma^2	Alpha Scale Prior	Node ID	Scaler	Creat It	Node / Branch	
4000	-15.008047	-17.448383	0	0.594087	2.036995	1.100000	
5000	-17.760228	-23.673868	1	1.313784	1.313784	1.100000	11	16.279122	4953	Node	
6000	-13.582371	-24.217787	3	0.465705	1.480896	1.100000	10	0.972792	5936	Branch	16	7.464921	5924	Node	16	3.473551	5998	Branch	
7000	-15.447647	-23.634422	2	0.626021	1.962290	1.100000	3	8.825081	6728	Branch	12	2.744886	6967	Branch	
8000	-14.741051	-19.692615	1	0.564719	0.852103	1.100000	10	4.764047	7934	Node	
9000	-15.243065	-21.403652	1	1.417838	2.832972	1.100000	4	10.526547	8776	Branch	
10000	-15.731849	-18.112072	0	1.528124	1.937579	1.100000	
