10
0	t4
1	t9
2	t5
3	t3
4	t1
5	t10
6	t8
7	t2
8	t7
9	t6
19
0	1.315345	10	0	3	5	8	6	9	1	7	4	2	
1	0.303709	4	0	3	5	8	
2	0.951031	1	0	
3	0.229780	3	3	5	8	
4	0.721251	1	3	
5	0.514476	2	5	8	
6	0.206774	1	5	
7	0.206774	1	8	
8	0.264706	6	6	9	1	7	4	2	
9	0.774468	5	6	9	1	7	4	
10	0.125717	2	6	9	
11	0.089848	1	6	
12	0.089848	1	9	
13	0.130842	3	1	7	4	
14	0.080509	2	1	7	
15	0.004213	1	1	
16	0.004213	1	7	
17	0.084723	1	4	
18	0.990033	1	2	
It	Lh	Lh + Prior	No Pram	Alpha	Sigma^2	Alpha Scale Prior	Node ID	Scaler	Creat It	Node / Branch	
4000	-15.217825	-18.029047	0	2.370523	1.993904	1.100000	
5000	-15.985275	-24.044645	1	2.962963	5.211031	1.100000	3	2.167130	5000	Branch	
6000	-12.665226	-17.441905	1	1.297275	1.539719	1.100000	3	2.332919	5908	Node	
7000	-15.020685	-19.873567	1	1.045382	1.395580	1.100000	3	4.590370	6690	Branch	
8000	-13.938406	-16.279003	0	1.186880	2.036063	1.100000	
9000	-13.109021	-18.341514	1	0.750460	1.661180	1.100000	3	7.613304	8914	Node	
10000	-14.356540	-21.093005	1	0.859287	4.533422	1.100000	5	0.124764	9824	Branch	
