50
0	t6
1	t10
2	t42
3	t9
4	t12
5	t14
6	t34
7	t7
8	t17
9	t24
10	t48
11	t27
12	t21
13	t29
14	t2
15	t1
16	t41
17	t19
18	t3
19	t37
20	t35
21	t15
22	t18
23	t26
24	t45
25	t43
26	t20
27	t46
28	t5
29	t31
30	t39
31	t44
32	t36
33	t4
34	t13
35	t22
36	t11
37	t49
38	t47
39	t33
40	t23
41	t25
42	t40
43	t50
44	t38
45	t16
46	t28
47	t30
48	t8
49	t32
99
0	1.872807	50	19	24	12	26	10	45	18	11	48	7	46	33	32	14	1	16	15	44	8	31	34	42	29	22	35	3	21	28	13	41	4	6	37	0	38	27	30	23	5	2	36	49	17	40	43	20	25	9	39	47	
1	1.285307	11	19	24	12	26	10	45	18	11	48	7	46	
2	0.459531	4	19	24	12	26	
3	0.664522	1	19	
4	0.200571	3	24	12	26	
5	0.463950	1	24	
6	0.331283	2	12	26	
7	0.132667	1	12	
8	0.132667	1	26	
9	0.241156	7	10	45	18	11	48	7	46	
10	0.597747	3	10	45	18	
11	0.285149	1	10	
12	0.195861	2	45	18	
13	0.089288	1	45	
14	0.089288	1	18	
15	0.017228	4	11	48	7	46	
16	0.582812	2	11	48	
17	0.282856	1	11	
18	0.282856	1	48	
19	0.663211	2	7	46	
20	0.202457	1	7	
21	0.202457	1	46	
22	0.534897	39	33	32	14	1	16	15	44	8	31	34	42	29	22	35	3	21	28	13	41	4	6	37	0	38	27	30	23	5	2	36	49	17	40	43	20	25	9	39	47	
23	0.541047	12	33	32	14	1	16	15	44	8	31	34	42	29	
24	0.190717	11	33	32	14	1	16	15	44	8	31	34	42	
25	0.001728	6	33	32	14	1	16	15	
26	1.140970	1	33	
27	0.099818	5	32	14	1	16	15	
28	0.634165	2	32	14	
29	0.406986	1	32	
30	0.406986	1	14	
31	0.233847	3	1	16	15	
32	0.743959	2	1	16	
33	0.063346	1	1	
34	0.063346	1	16	
35	0.807305	1	15	
36	0.488115	5	44	8	31	34	42	
37	0.367677	4	44	8	31	34	
38	0.286906	1	44	
39	0.159719	3	8	31	34	
40	0.127187	1	8	
41	0.100387	2	31	34	
42	0.026799	1	31	
43	0.026799	1	34	
44	0.654583	1	42	
45	1.333415	1	29	
46	0.160664	27	22	35	3	21	28	13	41	4	6	37	0	38	27	30	23	5	2	36	49	17	40	43	20	25	9	39	47	
47	0.412060	18	22	35	3	21	28	13	41	4	6	37	0	38	27	30	23	5	2	36	
48	0.574403	3	22	35	3	
49	0.427598	2	22	35	
50	0.299738	1	22	
51	0.299738	1	35	
52	0.727336	1	3	
53	0.403625	15	21	28	13	41	4	6	37	0	38	27	30	23	5	2	36	
54	0.330422	10	21	28	13	41	4	6	37	0	38	27	
55	0.368617	3	21	28	13	
56	0.170344	2	21	28	
57	0.028731	1	21	
58	0.028731	1	28	
59	0.199075	1	13	
60	0.178444	7	41	4	6	37	0	38	27	
61	0.389248	1	41	
62	0.008075	6	4	6	37	0	38	27	
63	0.381173	1	4	
64	0.259377	5	6	37	0	38	27	
65	0.075191	4	6	37	0	38	
66	0.014499	3	6	37	0	
67	0.013905	2	6	37	
68	0.018200	1	6	
69	0.018200	1	37	
70	0.032105	1	0	
71	0.046605	1	38	
72	0.121796	1	27	
73	0.254512	5	30	23	5	2	36	
74	0.552133	3	30	23	5	
75	0.089481	2	30	23	
76	0.001988	1	30	
77	0.001988	1	23	
78	0.091469	1	5	
79	0.223063	2	2	36	
80	0.420539	1	2	
81	0.420539	1	36	
82	0.714605	9	49	17	40	43	20	25	9	39	47	
83	0.081651	6	49	17	40	43	20	25	
84	0.786566	2	49	17	
85	0.130977	1	49	
86	0.130977	1	17	
87	0.237031	4	40	43	20	25	
88	0.680512	1	40	
89	0.117954	3	43	20	25	
90	0.100039	2	43	20	
91	0.462519	1	43	
92	0.462519	1	20	
93	0.562558	1	25	
94	0.088088	3	9	39	47	
95	0.562987	2	9	39	
96	0.348119	1	9	
97	0.348119	1	39	
98	0.911106	1	47	
It	Lh	Lh + Prior	No Pram	Alpha	Sigma^2	Alpha Scale Prior	Node ID	Scaler	Creat It	Node / Branch	
4000	-66.715755	-80.343113	4	1.899683	0.987065	1.100000	54	7.645827	186	Node	55	2.301835	3787	Branch	86	2.464435	3552	Branch	34	7.783691	3066	Branch	
5000	-71.579373	-89.618393	5	0.493895	1.506806	1.100000	24	18.305825	4944	Branch	60	4.373247	4063	Node	55	4.392165	4865	Node	39	13.115095	4790	Node	67	2.409722	4127	Branch	
6000	-72.926752	-95.814340	7	1.383332	1.587986	1.100000	54	4.065858	4865	Node	27	7.502692	5789	Branch	73	3.018408	5912	Node	66	2.117287	4127	Branch	90	22.135951	5094	Node	78	0.214477	5475	Branch	45	0.988449	5899	Branch	
7000	-66.220010	-85.263426	6	2.288661	1.361576	1.100000	54	2.999775	4865	Node	25	5.511068	5789	Branch	66	3.405548	4127	Branch	88	5.460569	6124	Branch	11	2.587515	6893	Branch	61	4.548998	6966	Branch	
8000	-66.700660	-77.850353	3	0.952957	0.787199	1.100000	54	6.118127	4865	Node	55	2.351118	7960	Node	63	13.533726	7733	Branch	
9000	-67.342974	-86.781295	6	2.385995	1.167411	1.100000	54	7.497165	4865	Node	9	3.838519	8713	Node	36	1.390786	8987	Branch	48	6.106968	8485	Branch	8	3.816938	8170	Branch	11	6.113389	8406	Branch	
10000	-66.294872	-77.597532	3	1.563406	0.994467	1.100000	54	8.660529	4865	Node	41	8.709228	9892	Branch	42	6.140176	9696	Branch	
