50
0	t6
1	t10
2	t42
3	t9
4	t12
5	t14
6	t34
7	t7
8	t17
9	t24
10	t48
11	t27
12	t21
13	t29
14	t2
15	t1
16	t41
17	t19
18	t3
19	t37
20	t35
21	t15
22	t18
23	t26
24	t45
25	t43
26	t20
27	t46
28	t5
29	t31
30	t39
31	t44
32	t36
33	t4
34	t13
35	t22
36	t11
37	t49
38	t47
39	t33
40	t23
41	t25
42	t40
43	t50
44	t38
45	t16
46	t28
47	t30
48	t8
49	t32
99
0	1.872807	50	19	24	12	26	10	45	18	11	48	7	46	33	32	14	1	16	15	44	8	31	34	42	29	22	35	3	21	28	13	41	4	6	37	0	38	27	30	23	5	2	36	49	17	40	43	20	25	9	39	47	
1	1.285307	11	19	24	12	26	10	45	18	11	48	7	46	
2	0.459531	4	19	24	12	26	
3	0.664522	1	19	
4	0.200571	3	24	12	26	
5	0.463950	1	24	
6	0.331283	2	12	26	
7	0.132667	1	12	
8	0.132667	1	26	
9	0.241156	7	10	45	18	11	48	7	46	
10	0.597747	3	10	45	18	
11	0.285149	1	10	
12	0.195861	2	45	18	
13	0.089288	1	45	
14	0.089288	1	18	
15	0.017228	4	11	48	7	46	
16	0.582812	2	11	48	
17	0.282856	1	11	
18	0.282856	1	48	
19	0.663211	2	7	46	
20	0.202457	1	7	
21	0.202457	1	46	
22	0.534897	39	33	32	14	1	16	15	44	8	31	34	42	29	22	35	3	21	28	13	41	4	6	37	0	38	27	30	23	5	2	36	49	17	40	43	20	25	9	39	47	
23	0.541047	12	33	32	14	1	16	15	44	8	31	34	42	29	
24	0.190717	11	33	32	14	1	16	15	44	8	31	34	42	
25	0.001728	6	33	32	14	1	16	15	
26	1.140970	1	33	
27	0.099818	5	32	14	1	16	15	
28	0.634165	2	32	14	
29	0.406986	1	32	
30	0.406986	1	14	
31	0.233847	3	1	16	15	
32	0.743959	2	1	16	
33	0.063346	1	1	
34	0.063346	1	16	
35	0.807305	1	15	
36	0.488115	5	44	8	31	34	42	
37	0.367677	4	44	8	31	34	
38	0.286906	1	44	
39	0.159719	3	8	31	34	
40	0.127187	1	8	
41	0.100387	2	31	34	
42	0.026799	1	31	
43	0.026799	1	34	
44	0.654583	1	42	
45	1.333415	1	29	
46	0.160664	27	22	35	3	21	28	13	41	4	6	37	0	38	27	30	23	5	2	36	49	17	40	43	20	25	9	39	47	
47	0.412060	18	22	35	3	21	28	13	41	4	6	37	0	38	27	30	23	5	2	36	
48	0.574403	3	22	35	3	
49	0.427598	2	22	35	
50	0.299738	1	22	
51	0.299738	1	35	
52	0.727336	1	3	
53	0.403625	15	21	28	13	41	4	6	37	0	38	27	30	23	5	2	36	
54	0.330422	10	21	28	13	41	4	6	37	0	38	27	
55	0.368617	3	21	28	13	
56	0.170344	2	21	28	
57	0.028731	1	21	
58	0.028731	1	28	
59	0.199075	1	13	
60	0.178444	7	41	4	6	37	0	38	27	
61	0.389248	1	41	
62	0.008075	6	4	6	37	0	38	27	
63	0.381173	1	4	
64	0.259377	5	6	37	0	38	27	
65	0.075191	4	6	37	0	38	
66	0.014499	3	6	37	0	
67	0.013905	2	6	37	
68	0.018200	1	6	
69	0.018200	1	37	
70	0.032105	1	0	
71	0.046605	1	38	
72	0.121796	1	27	
73	0.254512	5	30	23	5	2	36	
74	0.552133	3	30	23	5	
75	0.089481	2	30	23	
76	0.001988	1	30	
77	0.001988	1	23	
78	0.091469	1	5	
79	0.223063	2	2	36	
80	0.420539	1	2	
81	0.420539	1	36	
82	0.714605	9	49	17	40	43	20	25	9	39	47	
83	0.081651	6	49	17	40	43	20	25	
84	0.786566	2	49	17	
85	0.130977	1	49	
86	0.130977	1	17	
87	0.237031	4	40	43	20	25	
88	0.680512	1	40	
89	0.117954	3	43	20	25	
90	0.100039	2	43	20	
91	0.462519	1	43	
92	0.462519	1	20	
93	0.562558	1	25	
94	0.088088	3	9	39	47	
95	0.562987	2	9	39	
96	0.348119	1	9	
97	0.348119	1	39	
98	0.911106	1	47	
It	Lh	Lh + Prior	No Pram	Alpha	Sigma^2	Alpha Scale Prior	Node ID	Scaler	Creat It	Node / Branch	
4000	-68.895413	-82.588542	4	0.916019	0.895135	1.100000	54	6.245547	362	Node	37	1.727101	3819	Branch	65	3.699859	3871	Node	42	12.016274	1963	Branch	
5000	-63.832127	-83.696626	6	1.702587	0.859136	1.100000	54	12.594217	362	Node	65	0.447576	4690	Node	28	1.472445	4799	Node	21	7.773088	4787	Branch	38	7.203088	4209	Branch	76	6.352569	4501	Branch	
6000	-67.595513	-80.828884	3	0.925350	0.800529	1.100000	54	9.843240	362	Node	39	25.380131	5941	Branch	68	10.205432	5244	Branch	
7000	-65.072273	-84.074118	6	1.024023	1.082410	1.100000	22	1.568156	6697	Branch	54	10.276379	362	Node	2	3.458152	6573	Node	57	1.361933	6882	Branch	61	2.071798	6516	Branch	13	9.586927	6779	Branch	
8000	-65.283571	-82.384431	5	1.904099	0.879344	1.100000	54	18.347084	362	Node	12	3.148641	7769	Node	90	0.265697	7706	Branch	57	3.243480	6882	Branch	71	4.611188	7009	Branch	
9000	-68.818778	-78.003627	2	3.640696	1.389261	1.100000	54	8.994153	362	Node	79	1.989027	8928	Node	
10000	-65.448784	-86.356447	6	2.556012	1.194940	1.100000	22	7.375650	9721	Branch	53	3.934569	9973	Branch	54	5.987520	362	Node	51	2.627564	9680	Branch	8	8.391816	9902	Branch	13	16.490955	9981	Branch	
