400
0	t331
1	t205
2	t324
3	t123
4	t129
5	t298
6	t131
7	t216
8	t260
9	t198
10	t377
11	t74
12	t251
13	t196
14	t121
15	t262
16	t101
17	t26
18	t274
19	t18
20	t187
21	t149
22	t264
23	t277
24	t307
25	t259
26	t161
27	t73
28	t237
29	t163
30	t233
31	t269
32	t10
33	t202
34	t336
35	t17
36	t65
37	t230
38	t145
39	t229
40	t393
41	t329
42	t283
43	t111
44	t292
45	t172
46	t64
47	t92
48	t126
49	t227
50	t85
51	t40
52	t50
53	t275
54	t223
55	t193
56	t143
57	t69
58	t387
59	t256
60	t249
61	t218
62	t71
63	t242
64	t350
65	t88
66	t369
67	t217
68	t364
69	t399
70	t199
71	t286
72	t335
73	t137
74	t370
75	t186
76	t178
77	t68
78	t110
79	t241
80	t72
81	t342
82	t58
83	t95
84	t25
85	t150
86	t279
87	t122
88	t47
89	t253
90	t381
91	t20
92	t359
93	t358
94	t281
95	t278
96	t290
97	t375
98	t357
99	t87
100	t203
101	t250
102	t100
103	t368
104	t344
105	t304
106	t135
107	t31
108	t310
109	t104
110	t215
111	t8
112	t247
113	t297
114	t128
115	t200
116	t226
117	t51
118	t120
119	t191
120	t268
121	t305
122	t231
123	t43
124	t326
125	t116
126	t291
127	t308
128	t155
129	t148
130	t378
131	t354
132	t309
133	t91
134	t15
135	t228
136	t154
137	t332
138	t45
139	t53
140	t220
141	t96
142	t89
143	t106
144	t175
145	t3
146	t380
147	t209
148	t113
149	t208
150	t265
151	t244
152	t257
153	t312
154	t318
155	t38
156	t90
157	t84
158	t54
159	t180
160	t349
161	t14
162	t22
163	t117
164	t267
165	t34
166	t379
167	t390
168	t146
169	t55
170	t371
171	t151
172	t320
173	t33
174	t221
175	t59
176	t124
177	t255
178	t67
179	t367
180	t334
181	t75
182	t41
183	t323
184	t372
185	t293
186	t19
187	t66
188	t366
189	t29
190	t289
191	t171
192	t306
193	t210
194	t207
195	t158
196	t57
197	t80
198	t386
199	t118
200	t168
201	t327
202	t147
203	t356
204	t35
205	t44
206	t295
207	t224
208	t376
209	t173
210	t330
211	t353
212	t109
213	t302
214	t115
215	t82
216	t86
217	t63
218	t98
219	t9
220	t280
221	t238
222	t114
223	t245
224	t4
225	t392
226	t333
227	t201
228	t97
229	t232
230	t176
231	t130
232	t99
233	t76
234	t239
235	t169
236	t272
237	t138
238	t343
239	t322
240	t167
241	t192
242	t389
243	t341
244	t319
245	t140
246	t400
247	t30
248	t61
249	t296
250	t133
251	t102
252	t103
253	t157
254	t183
255	t162
256	t383
257	t48
258	t79
259	t360
260	t337
261	t345
262	t42
263	t252
264	t222
265	t270
266	t328
267	t340
268	t348
269	t288
270	t112
271	t132
272	t93
273	t347
274	t49
275	t181
276	t194
277	t195
278	t139
279	t236
280	t271
281	t361
282	t204
283	t346
284	t398
285	t52
286	t170
287	t213
288	t179
289	t303
290	t13
291	t16
292	t11
293	t338
294	t94
295	t362
296	t240
297	t127
298	t314
299	t32
300	t321
301	t391
302	t206
303	t83
304	t108
305	t37
306	t311
307	t105
308	t81
309	t225
310	t36
311	t23
312	t263
313	t177
314	t373
315	t189
316	t24
317	t27
318	t78
319	t77
320	t299
321	t261
322	t125
323	t7
324	t152
325	t182
326	t6
327	t382
328	t2
329	t39
330	t60
331	t1
332	t211
333	t266
334	t184
335	t12
336	t254
337	t325
338	t219
339	t46
340	t174
341	t160
342	t185
343	t119
344	t365
345	t164
346	t243
347	t313
348	t142
349	t235
350	t258
351	t384
352	t374
353	t352
354	t388
355	t246
356	t136
357	t153
358	t351
359	t285
360	t282
361	t197
362	t385
363	t395
364	t188
365	t339
366	t214
367	t284
368	t301
369	t273
370	t212
371	t397
372	t276
373	t315
374	t156
375	t134
376	t166
377	t363
378	t107
379	t248
380	t56
381	t394
382	t234
383	t28
384	t21
385	t165
386	t159
387	t300
388	t5
389	t287
390	t70
391	t317
392	t144
393	t316
394	t62
395	t396
396	t294
397	t355
398	t141
399	t190
799
0	0.174800	400	369	121	233	211	370	186	399	353	18	334	264	16	392	326	395	263	102	355	292	325	152	246	243	333	398	338	182	190	57	238	375	227	167	213	41	279	385	142	148	267	281	1	377	218	223	258	272	206	388	89	221	339	145	273	105	83	46	65	187	113	49	193	222	55	313	126	314	252	80	24	85	174	127	76	69	352	256	356	98	51	99	328	11	183	295	192	251	380	322	30	162	45	104	394	228	40	265	164	14	344	154	378	309	285	133	247	202	283	282	36	177	58	362	163	42	198	201	34	38	68	346	114	307	365	347	270	351	371	289	332	35	2	43	159	367	242	135	336	172	230	156	47	274	59	217	329	137	60	17	19	29	79	13	312	391	340	254	66	245	115	132	342	253	12	196	84	123	150	291	315	143	268	358	39	302	54	63	92	5	298	271	176	165	359	91	349	130	139	100	25	236	360	70	140	124	241	111	363	199	204	354	118	294	237	310	234	232	259	31	299	184	136	107	26	48	301	131	44	122	37	361	109	56	153	28	173	393	306	73	0	225	195	33	226	74	250	129	185	287	372	317	319	87	379	160	86	169	178	203	324	214	261	383	248	166	210	175	188	119	387	266	255	209	200	330	320	21	368	90	208	331	303	141	311	357	95	180	112	275	179	257	297	397	189	93	384	97	32	293	149	284	343	138	194	23	327	6	7	88	316	280	191	171	75	212	134	116	81	181	219	269	144	386	224	260	366	64	304	22	239	128	240	103	120	249	50	396	350	15	151	205	9	278	108	96	296	390	161	318	61	106	117	168	10	381	231	170	276	27	341	277	220	20	364	157	337	125	197	321	235	101	8	323	305	71	215	335	229	207	389	4	348	262	216	376	146	67	82	62	53	72	155	308	78	373	52	286	382	290	244	288	77	300	158	3	110	94	345	147	374	
1	2.863785	177	369	121	233	211	370	186	399	353	18	334	264	16	392	326	395	263	102	355	292	325	152	246	243	333	398	338	182	190	57	238	375	227	167	213	41	279	385	142	148	267	281	1	377	218	223	258	272	206	388	89	221	339	145	273	105	83	46	65	187	113	49	193	222	55	313	126	314	252	80	24	85	174	127	76	69	352	256	356	98	51	99	328	11	183	295	192	251	380	322	30	162	45	104	394	228	40	265	164	14	344	154	378	309	285	133	247	202	283	282	36	177	58	362	163	42	198	201	34	38	68	346	114	307	365	347	270	351	371	289	332	35	2	43	159	367	242	135	336	172	230	156	47	274	59	217	329	137	60	17	19	29	79	13	312	391	340	254	66	245	115	132	342	253	12	196	84	123	150	291	315	143	268	358	39	302	54	63	
2	0.399404	74	369	121	233	211	370	186	399	353	18	334	264	16	392	326	395	263	102	355	292	325	152	246	243	333	398	338	182	190	57	238	375	227	167	213	41	279	385	142	148	267	281	1	377	218	223	258	272	206	388	89	221	339	145	273	105	83	46	65	187	113	49	193	222	55	313	126	314	252	80	24	85	174	127	76	
3	0.223297	38	369	121	233	211	370	186	399	353	18	334	264	16	392	326	395	263	102	355	292	325	152	246	243	333	398	338	182	190	57	238	375	227	167	213	41	279	385	142	
4	2.235789	4	369	121	233	211	
5	0.531522	1	369	
6	0.183028	3	121	233	211	
7	0.348494	1	121	
8	0.108096	2	233	211	
9	0.240398	1	233	
10	0.240398	1	211	
11	0.331787	34	370	186	399	353	18	334	264	16	392	326	395	263	102	355	292	325	152	246	243	333	398	338	182	190	57	238	375	227	167	213	41	279	385	142	
12	0.837092	4	370	186	399	353	
13	1.596508	2	370	186	
14	0.001925	1	370	
15	0.001925	1	186	
16	1.242842	2	399	353	
17	0.355590	1	399	
18	0.355590	1	353	
19	0.484290	30	18	334	264	16	392	326	395	263	102	355	292	325	152	246	243	333	398	338	182	190	57	238	375	227	167	213	41	279	385	142	
20	0.200669	6	18	334	264	16	392	326	
21	1.670662	3	18	334	264	
22	0.027708	2	18	334	
23	0.052195	1	18	
24	0.052195	1	334	
25	0.079903	1	264	
26	0.929916	3	16	392	326	
27	0.820650	1	16	
28	0.615234	2	392	326	
29	0.205416	1	392	
30	0.205416	1	326	
31	0.193299	24	395	263	102	355	292	325	152	246	243	333	398	338	182	190	57	238	375	227	167	213	41	279	385	142	
32	0.244006	20	395	263	102	355	292	325	152	246	243	333	398	338	182	190	57	238	375	227	167	213	
33	1.513929	1	395	
34	0.146902	19	263	102	355	292	325	152	246	243	333	398	338	182	190	57	238	375	227	167	213	
35	0.009972	5	263	102	355	292	325	
36	0.980140	4	263	102	355	292	
37	0.376915	1	263	
38	0.111496	3	102	355	292	
39	0.265419	1	102	
40	0.193395	2	355	292	
41	0.072024	1	355	
42	0.072024	1	292	
43	1.357055	1	325	
44	0.249245	14	152	246	243	333	398	338	182	190	57	238	375	227	167	213	
45	0.070664	7	152	246	243	333	398	338	182	
46	0.339757	6	152	246	243	333	398	338	
47	0.707363	1	152	
48	0.171209	5	246	243	333	398	338	
49	0.357794	4	246	243	333	398	
50	0.178359	1	246	
51	0.030957	3	243	333	398	
52	0.147402	1	243	
53	0.082322	2	333	398	
54	0.065080	1	333	
55	0.065080	1	398	
56	0.536153	1	338	
57	1.047119	1	182	
58	0.259051	7	190	57	238	375	227	167	213	
59	0.858732	1	190	
60	0.361249	6	57	238	375	227	167	213	
61	0.311659	3	57	238	375	
62	0.005034	2	57	238	
63	0.180790	1	57	
64	0.180790	1	238	
65	0.185824	1	375	
66	0.224317	3	227	167	213	
67	0.122976	2	227	167	
68	0.150190	1	227	
69	0.150190	1	167	
70	0.273166	1	213	
71	0.788444	4	41	279	385	142	
72	0.428500	3	41	279	385	
73	0.540991	1	41	
74	0.537369	2	279	385	
75	0.003622	1	279	
76	0.003622	1	385	
77	0.969491	1	142	
78	0.684723	36	148	267	281	1	377	218	223	258	272	206	388	89	221	339	145	273	105	83	46	65	187	113	49	193	222	55	313	126	314	252	80	24	85	174	127	76	
79	1.136949	29	148	267	281	1	377	218	223	258	272	206	388	89	221	339	145	273	105	83	46	65	187	113	49	193	222	55	313	126	314	
80	0.073523	23	148	267	281	1	377	218	223	258	272	206	388	89	221	339	145	273	105	83	46	65	187	113	49	
81	0.250013	15	148	267	281	1	377	218	223	258	272	206	388	89	221	339	145	
82	0.306941	10	148	267	281	1	377	218	223	258	272	206	
83	0.042213	8	148	267	281	1	377	218	223	258	
84	0.144467	6	148	267	281	1	377	218	
85	0.317994	2	148	267	
86	0.033786	1	148	
87	0.033786	1	267	
88	0.181327	4	281	1	377	218	
89	0.080115	2	281	1	
90	0.090337	1	281	
91	0.090337	1	1	
92	0.055593	2	377	218	
93	0.114859	1	377	
94	0.114859	1	218	
95	0.493881	2	223	258	
96	0.002366	1	223	
97	0.002366	1	258	
98	0.208101	2	272	206	
99	0.330358	1	272	
100	0.330358	1	206	
101	0.093624	5	388	89	221	339	145	
102	0.284144	2	388	89	
103	0.467631	1	388	
104	0.467631	1	89	
105	0.563584	3	221	339	145	
106	0.100707	2	221	339	
107	0.087485	1	221	
108	0.087485	1	339	
109	0.188192	1	145	
110	0.133189	8	273	105	83	46	65	187	113	49	
111	0.084062	7	273	105	83	46	65	187	113	
112	0.319853	4	273	105	83	46	
113	0.411776	3	273	105	83	
114	0.128797	2	273	105	
115	0.017737	1	273	
116	0.017737	1	105	
117	0.146534	1	83	
118	0.558310	1	46	
119	0.166952	3	65	187	113	
120	0.711210	1	65	
121	0.505988	2	187	113	
122	0.205222	1	187	
123	0.205222	1	113	
124	0.962224	1	49	
125	0.284777	6	193	222	55	313	126	314	
126	0.482956	5	193	222	55	313	126	
127	0.401204	1	193	
128	0.033088	4	222	55	313	126	
129	0.055025	3	222	55	313	
130	0.313091	1	222	
131	0.283568	2	55	313	
132	0.029523	1	55	
133	0.029523	1	313	
134	0.368116	1	126	
135	0.884160	1	314	
136	0.619059	7	252	80	24	85	174	127	76	
137	0.473852	5	252	80	24	85	174	
138	0.644769	4	252	80	24	85	
139	0.568205	1	252	
140	0.414766	3	80	24	85	
141	0.097415	2	80	24	
142	0.056025	1	80	
143	0.056025	1	24	
144	0.153440	1	85	
145	1.212974	1	174	
146	0.134182	2	127	76	
147	1.552644	1	127	
148	1.552644	1	76	
149	0.406682	103	69	352	256	356	98	51	99	328	11	183	295	192	251	380	322	30	162	45	104	394	228	40	265	164	14	344	154	378	309	285	133	247	202	283	282	36	177	58	362	163	42	198	201	34	38	68	346	114	307	365	347	270	351	371	289	332	35	2	43	159	367	242	135	336	172	230	156	47	274	59	217	329	137	60	17	19	29	79	13	312	391	340	254	66	245	115	132	342	253	12	196	84	123	150	291	315	143	268	358	39	302	54	63	
150	0.085571	38	69	352	256	356	98	51	99	328	11	183	295	192	251	380	322	30	162	45	104	394	228	40	265	164	14	344	154	378	309	285	133	247	202	283	282	36	177	58	
151	0.226576	32	69	352	256	356	98	51	99	328	11	183	295	192	251	380	322	30	162	45	104	394	228	40	265	164	14	344	154	378	309	285	133	247	
152	2.667159	2	69	352	
153	0.004024	1	69	
154	0.004024	1	352	
155	0.176716	30	256	356	98	51	99	328	11	183	295	192	251	380	322	30	162	45	104	394	228	40	265	164	14	344	154	378	309	285	133	247	
156	1.401325	11	256	356	98	51	99	328	11	183	295	192	251	
157	0.376804	6	256	356	98	51	99	328	
158	0.691839	2	256	356	
159	0.024499	1	256	
160	0.024499	1	356	
161	0.126900	4	98	51	99	328	
162	0.368426	3	98	51	99	
163	0.119750	2	98	51	
164	0.101261	1	98	
165	0.101261	1	51	
166	0.221011	1	99	
167	0.589437	1	328	
168	0.041500	5	11	183	295	192	251	
169	0.718087	4	11	183	295	192	
170	0.078085	3	11	183	295	
171	0.255470	1	11	
172	0.135861	2	183	295	
173	0.119608	1	183	
174	0.119608	1	295	
175	0.333554	1	192	
176	1.051641	1	251	
177	0.266863	19	380	322	30	162	45	104	394	228	40	265	164	14	344	154	378	309	285	133	247	
178	0.186076	13	380	322	30	162	45	104	394	228	40	265	164	14	344	
179	0.826213	7	380	322	30	162	45	104	394	
180	0.550320	3	380	322	30	
181	0.467400	2	380	322	
182	0.197596	1	380	
183	0.197596	1	322	
184	0.664995	1	30	
185	0.376835	4	162	45	104	394	
186	0.060155	2	162	45	
187	0.778325	1	162	
188	0.778325	1	45	
189	0.338368	2	104	394	
190	0.500112	1	104	
191	0.500112	1	394	
192	0.543620	6	228	40	265	164	14	344	
193	1.497908	1	228	
194	0.657812	5	40	265	164	14	344	
195	0.363513	3	40	265	164	
196	0.291594	2	40	265	
197	0.184988	1	40	
198	0.184988	1	265	
199	0.476583	1	164	
200	0.767448	2	14	344	
201	0.072647	1	14	
202	0.072647	1	344	
203	1.416518	6	154	378	309	285	133	247	
204	0.170560	4	154	378	309	285	
205	0.244405	2	154	378	
206	0.396122	1	154	
207	0.396122	1	378	
208	0.182038	2	309	285	
209	0.458489	1	309	
210	0.458489	1	285	
211	0.615999	2	133	247	
212	0.195087	1	133	
213	0.195087	1	247	
214	1.981459	6	202	283	282	36	177	58	
215	0.916301	1	202	
216	0.419389	5	283	282	36	177	58	
217	0.168318	2	283	282	
218	0.328594	1	283	
219	0.328594	1	282	
220	0.314122	3	36	177	58	
221	0.182790	1	36	
222	0.085340	2	177	58	
223	0.097449	1	177	
224	0.097449	1	58	
225	0.092035	65	362	163	42	198	201	34	38	68	346	114	307	365	347	270	351	371	289	332	35	2	43	159	367	242	135	336	172	230	156	47	274	59	217	329	137	60	17	19	29	79	13	312	391	340	254	66	245	115	132	342	253	12	196	84	123	150	291	315	143	268	358	39	302	54	63	
226	1.011570	16	362	163	42	198	201	34	38	68	346	114	307	365	347	270	351	371	
227	0.290058	11	362	163	42	198	201	34	38	68	346	114	307	
228	0.858758	6	362	163	42	198	201	34	
229	0.531019	2	362	163	
230	0.199891	1	362	
231	0.199891	1	163	
232	0.501617	4	42	198	201	34	
233	0.229292	1	42	
234	0.162345	3	198	201	34	
235	0.042509	2	198	201	
236	0.024437	1	198	
237	0.024437	1	201	
238	0.066947	1	34	
239	0.429295	5	38	68	346	114	307	
240	1.160372	1	38	
241	0.114634	4	68	346	114	307	
242	0.258412	2	68	346	
243	0.787326	1	68	
244	0.787326	1	346	
245	0.689969	2	114	307	
246	0.355769	1	114	
247	0.355769	1	307	
248	0.464324	5	365	347	270	351	371	
249	0.712574	3	365	347	270	
250	0.702826	1	365	
251	0.380432	2	347	270	
252	0.322395	1	347	
253	0.322395	1	270	
254	1.055555	2	351	371	
255	0.359845	1	351	
256	0.359845	1	371	
257	0.062283	49	289	332	35	2	43	159	367	242	135	336	172	230	156	47	274	59	217	329	137	60	17	19	29	79	13	312	391	340	254	66	245	115	132	342	253	12	196	84	123	150	291	315	143	268	358	39	302	54	63	
258	0.174233	29	289	332	35	2	43	159	367	242	135	336	172	230	156	47	274	59	217	329	137	60	17	19	29	79	13	312	391	340	254	
259	0.806012	8	289	332	35	2	43	159	367	242	
260	1.368046	4	289	332	35	2	
261	0.480722	1	289	
262	0.154178	3	332	35	2	
263	0.326544	1	332	
264	0.114501	2	35	2	
265	0.212043	1	35	
266	0.212043	1	2	
267	1.337105	4	43	159	367	242	
268	0.511663	1	43	
269	0.424978	3	159	367	242	
270	0.080708	2	159	367	
271	0.005977	1	159	
272	0.005977	1	367	
273	0.086685	1	242	
274	1.146198	21	135	336	172	230	156	47	274	59	217	329	137	60	17	19	29	79	13	312	391	340	254	
275	0.195963	11	135	336	172	230	156	47	274	59	217	329	137	
276	0.635480	5	135	336	172	230	156	
277	0.677139	1	135	
278	0.094956	4	336	172	230	156	
279	0.582183	1	336	
280	0.061652	3	172	230	156	
281	0.520531	1	172	
282	0.502492	2	230	156	
283	0.018038	1	230	
284	0.018038	1	156	
285	0.131872	6	47	274	59	217	329	137	
286	0.231143	5	47	274	59	217	329	
287	0.892339	2	47	274	
288	0.057264	1	47	
289	0.057264	1	274	
290	0.803400	3	59	217	329	
291	0.146203	1	59	
292	0.103160	2	217	329	
293	0.043043	1	217	
294	0.043043	1	329	
295	1.180746	1	137	
296	0.227988	10	60	17	19	29	79	13	312	391	340	254	
297	0.914389	8	60	17	19	29	79	13	312	391	
298	0.170394	4	60	17	19	29	
299	0.195809	1	60	
300	0.059343	3	17	19	29	
301	0.136466	1	17	
302	0.015977	2	19	29	
303	0.120489	1	19	
304	0.120489	1	29	
305	0.017887	4	79	13	312	391	
306	0.058799	2	79	13	
307	0.289518	1	79	
308	0.289518	1	13	
309	0.174538	2	312	391	
310	0.173779	1	312	
311	0.173779	1	391	
312	1.187450	2	340	254	
313	0.093143	1	340	
314	0.093143	1	254	
315	0.624685	20	66	245	115	132	342	253	12	196	84	123	150	291	315	143	268	358	39	302	54	63	
316	0.169698	10	66	245	115	132	342	253	12	196	84	123	
317	0.355193	9	66	245	115	132	342	253	12	196	84	
318	1.019228	4	66	245	115	132	
319	0.232414	2	66	245	
320	0.427794	1	66	
321	0.427794	1	245	
322	0.390719	2	115	132	
323	0.269490	1	115	
324	0.269490	1	132	
325	0.744309	5	342	253	12	196	84	
326	0.935127	1	342	
327	0.441546	4	253	12	196	84	
328	0.189322	3	253	12	196	
329	0.304260	1	253	
330	0.176482	2	12	196	
331	0.127777	1	12	
332	0.127777	1	196	
333	0.493582	1	84	
334	2.034629	1	123	
335	1.240702	10	150	291	315	143	268	358	39	302	54	63	
336	0.289521	5	150	291	315	143	268	
337	0.142632	3	150	291	315	
338	0.531472	1	150	
339	0.479193	2	291	315	
340	0.052280	1	291	
341	0.052280	1	315	
342	0.631486	2	143	268	
343	0.042619	1	143	
344	0.042619	1	268	
345	0.411342	5	358	39	302	54	63	
346	0.492592	2	358	39	
347	0.059692	1	358	
348	0.059692	1	39	
349	0.174589	3	302	54	63	
350	0.288672	2	302	54	
351	0.089022	1	302	
352	0.089022	1	54	
353	0.377694	1	63	
354	1.353978	223	92	5	298	271	176	165	359	91	349	130	139	100	25	236	360	70	140	124	241	111	363	199	204	354	118	294	237	310	234	232	259	31	299	184	136	107	26	48	301	131	44	122	37	361	109	56	153	28	173	393	306	73	0	225	195	33	226	74	250	129	185	287	372	317	319	87	379	160	86	169	178	203	324	214	261	383	248	166	210	175	188	119	387	266	255	209	200	330	320	21	368	90	208	331	303	141	311	357	95	180	112	275	179	257	297	397	189	93	384	97	32	293	149	284	343	138	194	23	327	6	7	88	316	280	191	171	75	212	134	116	81	181	219	269	144	386	224	260	366	64	304	22	239	128	240	103	120	249	50	396	350	15	151	205	9	278	108	96	296	390	161	318	61	106	117	168	10	381	231	170	276	27	341	277	220	20	364	157	337	125	197	321	235	101	8	323	305	71	215	335	229	207	389	4	348	262	216	376	146	67	82	62	53	72	155	308	78	373	52	286	382	290	244	288	77	300	158	3	110	94	345	147	374	
355	0.243779	169	92	5	298	271	176	165	359	91	349	130	139	100	25	236	360	70	140	124	241	111	363	199	204	354	118	294	237	310	234	232	259	31	299	184	136	107	26	48	301	131	44	122	37	361	109	56	153	28	173	393	306	73	0	225	195	33	226	74	250	129	185	287	372	317	319	87	379	160	86	169	178	203	324	214	261	383	248	166	210	175	188	119	387	266	255	209	200	330	320	21	368	90	208	331	303	141	311	357	95	180	112	275	179	257	297	397	189	93	384	97	32	293	149	284	343	138	194	23	327	6	7	88	316	280	191	171	75	212	134	116	81	181	219	269	144	386	224	260	366	64	304	22	239	128	240	103	120	249	50	396	350	15	151	205	9	278	108	96	296	390	161	318	61	106	117	168	10	381	231	
356	0.624236	89	92	5	298	271	176	165	359	91	349	130	139	100	25	236	360	70	140	124	241	111	363	199	204	354	118	294	237	310	234	232	259	31	299	184	136	107	26	48	301	131	44	122	37	361	109	56	153	28	173	393	306	73	0	225	195	33	226	74	250	129	185	287	372	317	319	87	379	160	86	169	178	203	324	214	261	383	248	166	210	175	188	119	387	266	255	209	200	330	320	
357	1.192640	61	92	5	298	271	176	165	359	91	349	130	139	100	25	236	360	70	140	124	241	111	363	199	204	354	118	294	237	310	234	232	259	31	299	184	136	107	26	48	301	131	44	122	37	361	109	56	153	28	173	393	306	73	0	225	195	33	226	74	250	129	185	
358	0.155258	42	92	5	298	271	176	165	359	91	349	130	139	100	25	236	360	70	140	124	241	111	363	199	204	354	118	294	237	310	234	232	259	31	299	184	136	107	26	48	301	131	44	122	
359	0.343352	33	92	5	298	271	176	165	359	91	349	130	139	100	25	236	360	70	140	124	241	111	363	199	204	354	118	294	237	310	234	232	259	31	299	
360	0.409680	27	92	5	298	271	176	165	359	91	349	130	139	100	25	236	360	70	140	124	241	111	363	199	204	354	118	294	237	
361	0.497534	13	92	5	298	271	176	165	359	91	349	130	139	100	25	
362	0.183792	3	92	5	298	
363	0.700849	2	92	5	
364	0.548699	1	92	
365	0.548699	1	5	
366	1.249548	1	298	
367	0.803922	10	271	176	165	359	91	349	130	139	100	25	
368	0.053463	9	271	176	165	359	91	349	130	139	100	
369	0.575955	1	271	
370	0.090247	8	176	165	359	91	349	130	139	100	
371	0.206598	5	176	165	359	91	349	
372	0.121735	3	176	165	359	
373	0.057726	2	176	165	
374	0.099650	1	176	
375	0.099650	1	165	
376	0.157376	1	359	
377	0.276856	2	91	349	
378	0.002255	1	91	
379	0.002255	1	349	
380	0.184704	3	130	139	100	
381	0.301004	1	130	
382	0.283403	2	139	100	
383	0.017601	1	139	
384	0.017601	1	100	
385	0.629418	1	25	
386	1.052788	14	236	360	70	140	124	241	111	363	199	204	354	118	294	237	
387	0.079493	9	236	360	70	140	124	241	111	363	199	
388	0.637299	2	236	360	
389	0.161295	1	236	
390	0.161295	1	360	
391	0.166731	7	70	140	124	241	111	363	199	
392	0.474736	3	70	140	124	
393	0.062797	2	70	140	
394	0.094329	1	70	
395	0.094329	1	140	
396	0.157126	1	124	
397	0.187997	4	241	111	363	199	
398	0.443866	1	241	
399	0.069359	3	111	363	199	
400	0.258902	2	111	363	
401	0.115604	1	111	
402	0.115604	1	363	
403	0.374507	1	199	
404	0.520573	5	204	354	118	294	237	
405	0.056397	4	204	354	118	294	
406	0.301117	1	204	
407	0.135001	3	354	118	294	
408	0.024668	2	354	118	
409	0.141448	1	354	
410	0.141448	1	118	
411	0.166116	1	294	
412	0.357514	1	237	
413	1.882729	6	310	234	232	259	31	299	
414	0.286054	3	310	234	232	
415	0.141858	2	310	234	
416	0.029913	1	310	
417	0.029913	1	234	
418	0.171771	1	232	
419	0.227147	3	259	31	299	
420	0.138733	2	259	31	
421	0.091945	1	259	
422	0.091945	1	31	
423	0.230679	1	299	
424	1.094574	9	184	136	107	26	48	301	131	44	122	
425	1.365228	3	184	136	107	
426	0.220205	2	184	136	
427	0.003900	1	184	
428	0.003900	1	136	
429	0.224105	1	107	
430	0.899857	6	26	48	301	131	44	122	
431	0.526471	3	26	48	301	
432	0.037864	2	26	48	
433	0.125142	1	26	
434	0.125142	1	48	
435	0.163005	1	301	
436	0.322704	3	131	44	122	
437	0.366772	1	131	
438	0.337624	2	44	122	
439	0.029147	1	44	
440	0.029147	1	122	
441	0.512980	19	37	361	109	56	153	28	173	393	306	73	0	225	195	33	226	74	250	129	185	
442	0.786057	8	37	361	109	56	153	28	173	393	
443	1.540128	1	37	
444	0.422123	7	361	109	56	153	28	173	393	
445	0.566198	3	361	109	56	
446	0.463610	2	361	109	
447	0.088196	1	361	
448	0.088196	1	109	
449	0.551806	1	56	
450	0.955727	4	153	28	173	393	
451	0.083432	3	153	28	173	
452	0.078846	1	153	
453	0.022753	2	28	173	
454	0.056093	1	28	
455	0.056093	1	173	
456	0.162278	1	393	
457	0.309677	11	306	73	0	225	195	33	226	74	250	129	185	
458	0.663197	7	306	73	0	225	195	33	226	
459	0.462375	5	306	73	0	225	195	
460	0.523804	3	306	73	0	
461	0.034342	2	306	73	
462	0.332790	1	306	
463	0.332790	1	73	
464	0.367132	1	0	
465	0.751586	2	225	195	
466	0.139351	1	225	
467	0.139351	1	195	
468	0.504529	2	33	226	
469	0.848782	1	33	
470	0.848782	1	226	
471	0.265489	4	74	250	129	185	
472	1.508869	3	74	250	129	
473	0.035703	2	74	250	
474	0.206447	1	74	
475	0.206447	1	250	
476	0.242150	1	129	
477	1.751018	1	185	
478	1.517581	28	287	372	317	319	87	379	160	86	169	178	203	324	214	261	383	248	166	210	175	188	119	387	266	255	209	200	330	320	
479	0.645392	21	287	372	317	319	87	379	160	86	169	178	203	324	214	261	383	248	166	210	175	188	119	
480	0.224715	20	287	372	317	319	87	379	160	86	169	178	203	324	214	261	383	248	166	210	175	188	
481	0.512858	7	287	372	317	319	87	379	160	
482	0.337423	3	287	372	317	
483	0.011263	2	287	372	
484	0.782571	1	287	
485	0.782571	1	372	
486	0.793834	1	317	
487	0.155607	4	319	87	379	160	
488	0.975651	1	319	
489	0.572199	3	87	379	160	
490	0.403452	1	87	
491	0.251356	2	379	160	
492	0.152097	1	379	
493	0.152097	1	160	
494	0.351424	13	86	169	178	203	324	214	261	383	248	166	210	175	188	
495	0.719641	5	86	169	178	203	324	
496	0.249268	4	86	169	178	203	
497	0.174398	2	86	169	
498	0.149385	1	86	
499	0.149385	1	169	
500	0.322971	2	178	203	
501	0.000812	1	178	
502	0.000812	1	203	
503	0.573051	1	324	
504	0.044967	8	214	261	383	248	166	210	175	188	
505	0.542578	2	214	261	
506	0.705148	1	214	
507	0.705148	1	261	
508	0.160237	6	383	248	166	210	175	188	
509	0.256551	2	383	248	
510	0.830937	1	383	
511	0.830937	1	248	
512	0.650146	4	166	210	175	188	
513	0.437342	1	166	
514	0.204547	3	210	175	188	
515	0.172176	2	210	175	
516	0.060619	1	210	
517	0.060619	1	175	
518	0.232795	1	188	
519	1.868831	1	119	
520	0.830451	7	387	266	255	209	200	330	320	
521	1.227474	3	387	266	255	
522	0.304859	2	387	266	
523	0.151439	1	387	
524	0.151439	1	266	
525	0.456298	1	255	
526	0.966899	4	209	200	330	320	
527	0.716874	1	209	
528	0.422757	3	200	330	320	
529	0.294117	1	200	
530	0.256763	2	330	320	
531	0.037354	1	330	
532	0.037354	1	320	
533	1.654176	80	21	368	90	208	331	303	141	311	357	95	180	112	275	179	257	297	397	189	93	384	97	32	293	149	284	343	138	194	23	327	6	7	88	316	280	191	171	75	212	134	116	81	181	219	269	144	386	224	260	366	64	304	22	239	128	240	103	120	249	50	396	350	15	151	205	9	278	108	96	296	390	161	318	61	106	117	168	10	381	231	
534	0.383863	28	21	368	90	208	331	303	141	311	357	95	180	112	275	179	257	297	397	189	93	384	97	32	293	149	284	343	138	194	
535	0.550120	11	21	368	90	208	331	303	141	311	357	95	180	
536	0.438740	8	21	368	90	208	331	303	141	311	
537	0.766129	6	21	368	90	208	331	303	
538	0.522150	3	21	368	90	
539	0.340864	1	21	
540	0.300017	2	368	90	
541	0.040847	1	368	
542	0.040847	1	90	
543	0.287260	3	208	331	303	
544	0.506348	2	208	331	
545	0.069406	1	208	
546	0.069406	1	331	
547	0.575753	1	303	
548	0.733924	2	141	311	
549	0.895219	1	141	
550	0.895219	1	311	
551	0.226057	3	357	95	180	
552	1.841826	1	357	
553	0.026660	2	95	180	
554	1.815166	1	95	
555	1.815166	1	180	
556	0.124019	17	112	275	179	257	297	397	189	93	384	97	32	293	149	284	343	138	194	
557	0.647992	14	112	275	179	257	297	397	189	93	384	97	32	293	149	284	
558	1.198243	3	112	275	179	
559	0.526362	2	112	275	
560	0.121386	1	112	
561	0.121386	1	275	
562	0.647748	1	179	
563	0.377410	11	257	297	397	189	93	384	97	32	293	149	284	
564	0.398658	5	257	297	397	189	93	
565	0.503071	2	257	297	
566	0.566852	1	257	
567	0.566852	1	297	
568	0.455586	3	397	189	93	
569	0.257697	2	397	189	
570	0.356641	1	397	
571	0.356641	1	189	
572	0.614338	1	93	
573	0.430313	6	384	97	32	293	149	284	
574	0.004606	5	384	97	32	293	149	
575	1.033662	1	384	
576	0.725325	4	97	32	293	149	
577	0.050390	2	97	32	
578	0.257946	1	97	
579	0.257946	1	32	
580	0.000816	2	293	149	
581	0.307521	1	293	
582	0.307521	1	149	
583	1.038268	1	284	
584	2.053735	3	343	138	194	
585	0.208138	2	343	138	
586	0.232111	1	343	
587	0.232111	1	138	
588	0.440248	1	194	
589	0.075872	52	23	327	6	7	88	316	280	191	171	75	212	134	116	81	181	219	269	144	386	224	260	366	64	304	22	239	128	240	103	120	249	50	396	350	15	151	205	9	278	108	96	296	390	161	318	61	106	117	168	10	381	231	
590	1.422443	3	23	327	6	
591	1.503549	1	23	
592	1.258478	2	327	6	
593	0.245072	1	327	
594	0.245072	1	6	
595	0.481893	49	7	88	316	280	191	171	75	212	134	116	81	181	219	269	144	386	224	260	366	64	304	22	239	128	240	103	120	249	50	396	350	15	151	205	9	278	108	96	296	390	161	318	61	106	117	168	10	381	231	
596	0.355638	12	7	88	316	280	191	171	75	212	134	116	81	181	
597	0.215218	8	7	88	316	280	191	171	75	212	
598	0.179139	6	7	88	316	280	191	171	
599	1.015345	4	7	88	316	280	
600	0.678760	1	7	
601	0.281575	3	88	316	280	
602	0.165398	2	88	316	
603	0.231786	1	88	
604	0.231786	1	316	
605	0.397184	1	280	
606	0.371656	2	191	171	
607	1.322448	1	191	
608	1.322448	1	171	
609	0.543884	2	75	212	
610	1.329360	1	75	
611	1.329360	1	212	
612	0.406089	4	134	116	81	181	
613	1.163352	2	134	116	
614	0.519021	1	134	
615	0.519021	1	116	
616	0.868818	2	81	181	
617	0.813556	1	81	
618	0.813556	1	181	
619	0.782868	37	219	269	144	386	224	260	366	64	304	22	239	128	240	103	120	249	50	396	350	15	151	205	9	278	108	96	296	390	161	318	61	106	117	168	10	381	231	
620	0.062005	33	219	269	144	386	224	260	366	64	304	22	239	128	240	103	120	249	50	396	350	15	151	205	9	278	108	96	296	390	161	318	61	106	117	
621	0.361456	22	219	269	144	386	224	260	366	64	304	22	239	128	240	103	120	249	50	396	350	15	151	205	
622	1.025311	5	219	269	144	386	224	
623	0.138952	4	219	269	144	386	
624	0.007013	3	219	269	144	
625	0.011989	2	219	269	
626	0.054505	1	219	
627	0.054505	1	269	
628	0.066494	1	144	
629	0.073508	1	386	
630	0.212460	1	224	
631	0.050100	17	260	366	64	304	22	239	128	240	103	120	249	50	396	350	15	151	205	
632	0.050987	15	260	366	64	304	22	239	128	240	103	120	249	50	396	350	15	
633	0.478033	12	260	366	64	304	22	239	128	240	103	120	249	50	
634	0.335382	4	260	366	64	304	
635	0.211834	2	260	366	
636	0.111434	1	260	
637	0.111434	1	366	
638	0.040687	2	64	304	
639	0.282581	1	64	
640	0.282581	1	304	
641	0.014893	8	22	239	128	240	103	120	249	50	
642	0.282326	4	22	239	128	240	
643	0.231923	3	22	239	128	
644	0.029617	2	22	239	
645	0.099892	1	22	
646	0.099892	1	239	
647	0.129509	1	128	
648	0.361432	1	240	
649	0.157859	4	103	120	249	50	
650	0.485899	1	103	
651	0.209817	3	120	249	50	
652	0.145876	2	120	249	
653	0.130206	1	120	
654	0.130206	1	249	
655	0.276082	1	50	
656	0.810140	3	396	350	15	
657	0.137437	2	396	350	
658	0.189107	1	396	
659	0.189107	1	350	
660	0.326543	1	15	
661	0.966282	2	151	205	
662	0.221388	1	151	
663	0.221388	1	205	
664	0.597322	11	9	278	108	96	296	390	161	318	61	106	117	
665	0.139072	10	9	278	108	96	296	390	161	318	61	106	
666	0.077778	7	9	278	108	96	296	390	161	
667	0.736261	3	9	278	108	
668	0.025049	2	9	278	
669	0.023744	1	9	
670	0.023744	1	278	
671	0.048793	1	108	
672	0.091309	4	96	296	390	161	
673	0.693744	1	96	
674	0.098036	3	296	390	161	
675	0.595708	1	296	
676	0.371871	2	390	161	
677	0.223837	1	390	
678	0.223837	1	161	
679	0.790962	3	318	61	106	
680	0.071870	1	318	
681	0.025434	2	61	106	
682	0.046436	1	61	
683	0.046436	1	106	
684	1.001904	1	117	
685	0.546051	4	168	10	381	231	
686	1.115180	1	168	
687	0.488927	3	10	381	231	
688	0.626254	1	10	
689	0.523210	2	381	231	
690	0.103044	1	381	
691	0.103044	1	231	
692	1.653230	54	170	276	27	341	277	220	20	364	157	337	125	197	321	235	101	8	323	305	71	215	335	229	207	389	4	348	262	216	376	146	67	82	62	53	72	155	308	78	373	52	286	382	290	244	288	77	300	158	3	110	94	345	147	374	
693	0.496861	15	170	276	27	341	277	220	20	364	157	337	125	197	321	235	101	
694	1.057150	14	170	276	27	341	277	220	20	364	157	337	125	197	321	235	
695	0.016223	3	170	276	27	
696	1.507767	2	170	276	
697	0.168589	1	170	
698	0.168589	1	276	
699	1.676355	1	27	
700	0.189477	11	341	277	220	20	364	157	337	125	197	321	235	
701	0.129550	6	341	277	220	20	364	157	
702	0.919111	4	341	277	220	20	
703	0.135215	2	341	277	
704	0.319226	1	341	
705	0.319226	1	277	
706	0.189588	2	220	20	
707	0.264852	1	220	
708	0.264852	1	20	
709	1.237683	2	364	157	
710	0.135868	1	364	
711	0.135868	1	157	
712	0.203023	5	337	125	197	321	235	
713	0.303906	3	337	125	197	
714	0.996172	1	337	
715	0.926259	2	125	197	
716	0.069913	1	125	
717	0.069913	1	197	
718	0.925553	2	321	235	
719	0.374525	1	321	
720	0.374525	1	235	
721	2.749729	1	101	
722	0.697904	39	8	323	305	71	215	335	229	207	389	4	348	262	216	376	146	67	82	62	53	72	155	308	78	373	52	286	382	290	244	288	77	300	158	3	110	94	345	147	374	
723	0.315057	35	8	323	305	71	215	335	229	207	389	4	348	262	216	376	146	67	82	62	53	72	155	308	78	373	52	286	382	290	244	288	77	300	158	3	110	
724	0.869376	5	8	323	305	71	215	
725	0.540582	4	8	323	305	71	
726	0.731478	2	8	323	
727	0.092193	1	8	
728	0.092193	1	323	
729	0.775876	2	305	71	
730	0.047796	1	305	
731	0.047796	1	71	
732	1.364253	1	215	
733	0.474888	30	335	229	207	389	4	348	262	216	376	146	67	82	62	53	72	155	308	78	373	52	286	382	290	244	288	77	300	158	3	110	
734	1.758741	1	335	
735	0.491269	29	229	207	389	4	348	262	216	376	146	67	82	62	53	72	155	308	78	373	52	286	382	290	244	288	77	300	158	3	110	
736	0.020846	26	229	207	389	4	348	262	216	376	146	67	82	62	53	72	155	308	78	373	52	286	382	290	244	288	77	300	
737	0.668090	7	229	207	389	4	348	262	216	
738	0.578537	1	229	
739	0.201084	6	207	389	4	348	262	216	
740	0.067740	4	207	389	4	348	
741	0.191957	3	207	389	4	
742	0.011555	2	207	389	
743	0.106200	1	207	
744	0.106200	1	389	
745	0.117755	1	4	
746	0.309713	1	348	
747	0.260920	2	262	216	
748	0.116533	1	262	
749	0.116533	1	216	
750	0.027187	19	376	146	67	82	62	53	72	155	308	78	373	52	286	382	290	244	288	77	300	
751	0.217410	9	376	146	67	82	62	53	72	155	308	
752	0.876002	2	376	146	
753	0.126028	1	376	
754	0.126028	1	146	
755	0.735422	7	67	82	62	53	72	155	308	
756	0.071118	4	67	82	62	53	
757	0.038944	3	67	82	62	
758	0.156546	1	67	
759	0.066170	2	82	62	
760	0.090376	1	82	
761	0.090376	1	62	
762	0.195489	1	53	
763	0.007627	3	72	155	308	
764	0.239553	2	72	155	
765	0.019427	1	72	
766	0.019427	1	155	
767	0.258981	1	308	
768	0.331515	10	78	373	52	286	382	290	244	288	77	300	
769	0.018120	4	78	373	52	286	
770	0.649509	3	78	373	52	
771	0.153019	2	78	373	
772	0.067276	1	78	
773	0.067276	1	373	
774	0.220295	1	52	
775	0.869804	1	286	
776	0.681507	6	382	290	244	288	77	300	
777	0.157824	3	382	290	244	
778	0.014958	2	382	290	
779	0.033635	1	382	
780	0.033635	1	290	
781	0.048593	1	244	
782	0.052555	3	288	77	300	
783	0.153862	1	288	
784	0.131056	2	77	300	
785	0.022806	1	77	
786	0.022806	1	300	
787	0.910099	3	158	3	110	
788	0.357373	1	158	
789	0.355971	2	3	110	
790	0.001402	1	3	
791	0.001402	1	110	
792	1.637878	4	94	345	147	374	
793	0.910808	1	94	
794	0.212696	3	345	147	374	
795	0.698112	1	345	
796	0.649499	2	147	374	
797	0.048613	1	147	
798	0.048613	1	374	
It	Lh	Lh + Prior	No Pram	Alpha	Sigma^2	Alpha Scale Prior	Node ID	Scaler	Creat It	Node / Branch	
4000	-568.966189	-667.064344	33	0.570472	0.950634	1.100000	533	14.637917	8	Node	3	8.211118	3378	Branch	78	2.119636	3110	Branch	258	7.166722	1721	Branch	478	5.941450	806	Branch	386	14.225843	3240	Branch	457	11.576333	3667	Branch	387	1.296464	1385	Node	520	4.348754	3703	Branch	58	2.701421	3676	Node	84	1.840893	3215	Node	36	3.442858	155	Node	528	0.747609	477	Node	220	3.794894	2427	Node	436	1.094013	440	Node	414	1.998387	3374	Node	577	1.506738	2717	Node	771	2.840638	1957	Node	74	12.990600	628	Branch	426	6.537288	3253	Node	759	10.091447	1801	Node	544	0.087224	2783	Node	778	8.866618	1986	Branch	388	2.927493	875	Branch	29	9.593866	2523	Branch	684	7.819047	1091	Branch	591	2.466231	66	Branch	416	2.077705	3250	Branch	567	8.915701	3554	Branch	490	6.871984	2994	Branch	308	7.670843	1752	Branch	583	6.674538	3423	Branch	340	1.117308	3331	Branch	
5000	-564.602211	-678.125615	38	3.271798	0.855653	1.100000	533	14.510771	8	Node	722	0.177873	4899	Branch	3	8.138886	3378	Branch	258	7.279310	1721	Branch	534	2.829918	4377	Node	479	5.864138	806	Branch	386	14.248543	3240	Branch	136	2.209597	3110	Branch	84	2.098369	3215	Node	739	0.179736	4670	Node	430	1.213828	440	Node	724	7.112220	4564	Branch	471	11.706528	3667	Branch	526	4.429298	3703	Branch	36	3.698172	155	Node	543	0.164248	2783	Node	72	0.145477	4885	Node	679	12.350968	4710	Branch	220	3.676086	2427	Node	543	4.466342	4084	Branch	445	3.308529	4888	Node	771	2.867169	1957	Node	759	10.029303	1801	Node	530	0.632632	477	Node	388	2.663912	875	Branch	577	1.305830	2717	Node	400	4.905351	4937	Branch	491	6.575456	2994	Branch	341	1.265949	3331	Branch	29	9.325882	2523	Branch	583	6.615352	3423	Branch	697	0.690298	4999	Branch	308	7.832243	1752	Branch	94	7.377308	4559	Branch	416	1.997955	3250	Branch	76	12.755356	628	Branch	779	8.961705	1986	Branch	567	8.896116	3554	Branch	
6000	-567.938014	-676.313972	36	0.914819	0.866507	1.100000	356	5.675828	806	Branch	533	14.198641	8	Node	2	8.052493	3378	Branch	274	7.366642	1721	Branch	693	6.898373	4564	Branch	386	14.132504	3240	Branch	424	1.269313	440	Node	58	15.082268	5167	Node	739	0.348012	4670	Node	739	5.970161	5631	Branch	84	3.438691	3215	Node	137	2.516916	3110	Branch	526	4.579937	3703	Branch	792	0.120006	4899	Branch	543	0.258461	2783	Node	794	8.090672	5623	Node	436	6.588819	5257	Node	759	10.187730	1801	Node	74	0.295385	4885	Node	638	2.165344	5716	Branch	306	7.853706	1752	Branch	771	3.099869	1957	Node	388	2.300948	875	Branch	400	5.204173	4937	Branch	565	9.160551	3554	Branch	416	1.980413	3250	Branch	545	4.369401	4084	Branch	174	10.727364	5236	Branch	493	6.351167	2994	Branch	779	8.837075	1986	Branch	76	12.433153	628	Branch	94	7.260724	4559	Branch	341	0.912384	3331	Branch	583	6.511006	3423	Branch	697	0.785901	4999	Branch	767	12.543060	5863	Branch	
7000	-564.619734	-681.841189	38	1.499613	0.787857	1.100000	356	5.548844	806	Branch	533	14.840385	8	Node	2	7.929432	3378	Branch	722	0.660881	4899	Branch	274	7.976417	1721	Branch	386	14.014994	3240	Branch	737	6.029971	5631	Branch	58	15.475180	5167	Node	20	4.194502	6456	Branch	84	3.501199	3215	Node	137	3.031921	3110	Branch	278	3.336787	6596	Node	305	5.643826	6727	Node	526	4.954876	3703	Branch	695	6.704888	4564	Branch	770	2.364858	1957	Node	543	0.116890	2783	Node	72	0.407957	4885	Node	399	5.148537	4937	Branch	794	8.019687	5623	Node	569	2.016737	6214	Branch	759	11.288743	1801	Node	438	6.013693	5257	Node	23	5.276093	6771	Branch	416	1.876643	3250	Branch	76	12.264369	628	Branch	567	9.223248	3554	Branch	697	1.140018	4999	Branch	389	2.748467	875	Branch	767	13.071192	5863	Branch	174	10.297651	5236	Branch	378	1.751575	6974	Branch	94	7.834142	4559	Branch	583	6.305657	3423	Branch	545	4.374384	4084	Branch	779	7.995636	1986	Branch	447	34.747568	6394	Branch	307	8.081262	1752	Branch	
8000	-558.217719	-692.510125	45	2.181743	0.772703	1.100000	533	15.162110	8	Node	2	7.061286	3378	Branch	19	4.911420	6456	Branch	274	8.429343	1721	Branch	441	5.457823	806	Branch	386	13.210116	3240	Branch	44	2.416850	7981	Node	737	6.320869	5631	Branch	573	6.979366	3423	Branch	84	3.807326	3215	Node	137	2.451383	3110	Branch	526	4.838175	3703	Branch	792	0.023640	4899	Branch	278	3.574147	6596	Node	71	0.339794	7755	Node	763	1.015273	7938	Node	757	11.174913	1801	Node	436	6.378607	5257	Node	695	7.058182	4564	Branch	72	1.042534	4885	Node	770	1.972583	1957	Node	543	0.528625	2783	Node	425	1.715776	7032	Node	66	5.335522	7794	Node	569	1.815270	6214	Branch	778	7.866377	1986	Branch	319	2.548106	7788	Node	400	4.979803	4937	Branch	696	0.829958	4999	Branch	306	3.065573	7655	Branch	446	11.784792	7519	Branch	94	8.531640	4559	Branch	416	1.720745	3250	Branch	447	35.177992	6394	Branch	23	5.045711	6771	Branch	545	3.680847	4084	Branch	307	7.710696	1752	Branch	320	5.289456	7897	Branch	389	2.589942	875	Branch	570	2.762826	7952	Branch	767	13.508044	5863	Branch	758	1.717624	7881	Branch	76	12.491169	628	Branch	378	1.713514	6974	Branch	100	1.212080	7334	Branch	
9000	-554.580384	-700.772557	48	1.095607	0.750732	1.100000	533	16.839576	8	Node	2	9.076122	3378	Branch	31	4.311245	6456	Branch	274	7.308150	1721	Branch	44	1.800994	7981	Node	386	12.384517	3240	Branch	457	6.631450	806	Branch	573	6.709594	3423	Branch	318	3.432913	7788	Node	792	0.209456	4899	Branch	769	1.120915	1957	Node	278	4.191185	6596	Node	763	13.554462	5863	Branch	695	7.509261	4564	Branch	436	6.407562	5257	Node	741	2.269387	8522	Node	280	3.436826	8857	Branch	38	2.569551	8172	Node	21	3.764593	6771	Branch	696	1.407695	4999	Branch	98	6.437513	8038	Branch	67	6.208435	7794	Node	544	0.359452	2783	Node	759	10.983402	1801	Node	350	13.666995	8748	Node	778	7.277464	1986	Branch	306	0.715389	7655	Branch	377	1.778024	6974	Branch	446	12.455155	7519	Branch	426	5.896084	8670	Branch	400	5.250257	4937	Branch	509	5.755507	8839	Branch	396	15.391774	8849	Branch	758	2.166532	7881	Branch	76	12.514403	628	Branch	145	2.714913	3110	Branch	94	8.642139	4559	Branch	389	1.172396	875	Branch	571	1.175891	6214	Branch	732	6.306223	8327	Branch	261	9.991788	8189	Branch	447	36.060726	6394	Branch	307	8.287043	1752	Branch	570	3.312882	7952	Branch	545	4.030700	4084	Branch	527	5.659180	3703	Branch	416	1.694136	3250	Branch	153	10.770067	8869	Branch	
10000	-555.599619	-690.891137	44	2.845390	0.781549	1.100000	533	16.186285	8	Node	2	7.831831	3378	Branch	19	4.363473	6456	Branch	386	10.862927	3240	Branch	457	6.914270	806	Branch	82	6.695279	8038	Branch	45	1.982946	9335	Branch	60	5.951411	7794	Node	20	4.383077	6771	Branch	526	5.281068	3703	Branch	769	0.570583	1957	Node	740	2.269387	8522	Node	278	2.635726	6596	Node	278	3.066935	8857	Branch	38	2.531025	8172	Node	436	5.080181	5257	Node	695	7.580462	4564	Branch	543	0.419166	2783	Node	757	11.174345	1801	Node	350	14.286893	8748	Node	426	8.046995	8670	Branch	446	12.232661	7519	Branch	696	1.089227	4999	Branch	509	5.239988	8839	Branch	778	5.967770	1986	Branch	306	1.958331	7655	Branch	683	0.667052	9834	Branch	797	6.145481	9855	Branch	76	13.516246	628	Branch	389	0.981446	875	Branch	571	1.853967	6214	Branch	732	5.169932	8327	Branch	261	11.134725	8189	Branch	447	36.408908	6394	Branch	307	6.418283	1752	Branch	570	1.937763	7952	Branch	396	15.300544	8849	Branch	416	1.405813	3250	Branch	153	9.922028	8869	Branch	279	3.864709	9076	Branch	767	13.804229	5863	Branch	401	3.413783	4937	Branch	273	10.063084	9108	Branch	758	1.874237	7881	Branch	
