100
0	t79
1	t99
2	t37
3	t38
4	t26
5	t76
6	t13
7	t3
8	t93
9	t73
10	t86
11	t50
12	t42
13	t83
14	t77
15	t18
16	t1
17	t90
18	t32
19	t10
20	t70
21	t57
22	t88
23	t31
24	t19
25	t94
26	t100
27	t56
28	t64
29	t55
30	t69
31	t82
32	t28
33	t85
34	t34
35	t80
36	t67
37	t40
38	t89
39	t98
40	t6
41	t74
42	t53
43	t52
44	t60
45	t23
46	t49
47	t44
48	t4
49	t92
50	t71
51	t78
52	t62
53	t12
54	t46
55	t45
56	t72
57	t39
58	t47
59	t27
60	t87
61	t30
62	t22
63	t48
64	t36
65	t61
66	t7
67	t58
68	t9
69	t95
70	t11
71	t96
72	t33
73	t63
74	t21
75	t17
76	t75
77	t16
78	t15
79	t24
80	t8
81	t59
82	t2
83	t91
84	t51
85	t65
86	t43
87	t97
88	t84
89	t66
90	t25
91	t54
92	t14
93	t5
94	t81
95	t68
96	t41
97	t20
98	t29
99	t35
199
0	1.727279	100	1	23	53	10	65	14	55	70	0	24	80	21	60	74	25	75	66	89	36	83	99	84	6	54	29	96	52	32	59	46	61	93	9	95	86	4	27	85	78	44	43	56	13	81	48	98	34	63	40	11	50	90	12	47	16	77	91	20	8	39	38	7	79	69	49	57	82	97	3	2	58	72	62	88	67	64	45	5	26	76	41	42	35	73	87	19	33	15	30	51	68	31	94	18	28	37	17	71	22	92	
1	0.119405	80	1	23	53	10	65	14	55	70	0	24	80	21	60	74	25	75	66	89	36	83	99	84	6	54	29	96	52	32	59	46	61	93	9	95	86	4	27	85	78	44	43	56	13	81	48	98	34	63	40	11	50	90	12	47	16	77	91	20	8	39	38	7	79	69	49	57	82	97	3	2	58	72	62	88	67	64	45	5	26	76	
2	0.610804	65	1	23	53	10	65	14	55	70	0	24	80	21	60	74	25	75	66	89	36	83	99	84	6	54	29	96	52	32	59	46	61	93	9	95	86	4	27	85	78	44	43	56	13	81	48	98	34	63	40	11	50	90	12	47	16	77	91	20	8	39	38	7	79	69	49	
3	1.623601	6	1	23	53	10	65	14	
4	0.608282	1	1	
5	0.221569	5	23	53	10	65	14	
6	0.228509	4	23	53	10	65	
7	0.144230	2	23	53	
8	0.013974	1	23	
9	0.013974	1	53	
10	0.044576	2	10	65	
11	0.113628	1	10	
12	0.113628	1	65	
13	0.386713	1	14	
14	0.013502	59	55	70	0	24	80	21	60	74	25	75	66	89	36	83	99	84	6	54	29	96	52	32	59	46	61	93	9	95	86	4	27	85	78	44	43	56	13	81	48	98	34	63	40	11	50	90	12	47	16	77	91	20	8	39	38	7	79	69	49	
15	1.944623	2	55	70	
16	0.273758	1	55	
17	0.273758	1	70	
18	0.413520	57	0	24	80	21	60	74	25	75	66	89	36	83	99	84	6	54	29	96	52	32	59	46	61	93	9	95	86	4	27	85	78	44	43	56	13	81	48	98	34	63	40	11	50	90	12	47	16	77	91	20	8	39	38	7	79	69	49	
19	0.004022	40	0	24	80	21	60	74	25	75	66	89	36	83	99	84	6	54	29	96	52	32	59	46	61	93	9	95	86	4	27	85	78	44	43	56	13	81	48	98	34	63	
20	0.760857	10	0	24	80	21	60	74	25	75	66	89	
21	0.552572	2	0	24	
22	0.487409	1	0	
23	0.487409	1	24	
24	0.055307	8	80	21	60	74	25	75	66	89	
25	0.984675	1	80	
26	0.335253	7	21	60	74	25	75	66	89	
27	0.386608	3	21	60	74	
28	0.211643	2	21	60	
29	0.051170	1	21	
30	0.051170	1	60	
31	0.262813	1	74	
32	0.209672	4	25	75	66	89	
33	0.415581	2	25	75	
34	0.024169	1	25	
35	0.024169	1	75	
36	0.384879	2	66	89	
37	0.054870	1	66	
38	0.054870	1	89	
39	0.225783	30	36	83	99	84	6	54	29	96	52	32	59	46	61	93	9	95	86	4	27	85	78	44	43	56	13	81	48	98	34	63	
40	0.072521	11	36	83	99	84	6	54	29	96	52	32	59	
41	0.779714	3	36	83	99	
42	0.692793	2	36	83	
43	0.030027	1	36	
44	0.030027	1	83	
45	0.722820	1	99	
46	0.151830	8	84	6	54	29	96	52	32	59	
47	0.474218	2	84	6	
48	0.876487	1	84	
49	0.876487	1	6	
50	0.685983	6	54	29	96	52	32	59	
51	0.621947	3	54	29	96	
52	0.000279	2	54	29	
53	0.042496	1	54	
54	0.042496	1	29	
55	0.042774	1	96	
56	0.271216	3	52	32	59	
57	0.204524	2	52	32	
58	0.188981	1	52	
59	0.188981	1	32	
60	0.393506	1	59	
61	0.050562	19	46	61	93	9	95	86	4	27	85	78	44	43	56	13	81	48	98	34	63	
62	0.034137	13	46	61	93	9	95	86	4	27	85	78	44	43	56	
63	1.029602	3	46	61	93	
64	0.268827	2	46	61	
65	0.191928	1	46	
66	0.191928	1	61	
67	0.460754	1	93	
68	0.465728	10	9	95	86	4	27	85	78	44	43	56	
69	0.762078	4	9	95	86	4	
70	0.077787	3	9	95	86	
71	0.184763	1	9	
72	0.146632	2	95	86	
73	0.038131	1	95	
74	0.038131	1	86	
75	0.262550	1	4	
76	0.069131	6	27	85	78	44	43	56	
77	0.955497	1	27	
78	0.664255	5	85	78	44	43	56	
79	0.274224	2	85	78	
80	0.017018	1	85	
81	0.017018	1	78	
82	0.150556	3	44	43	56	
83	0.140686	1	44	
84	0.055185	2	43	56	
85	0.085501	1	43	
86	0.085501	1	56	
87	0.593933	6	13	81	48	98	34	63	
88	0.930560	1	13	
89	0.261661	5	81	48	98	34	63	
90	0.668899	1	81	
91	0.410603	4	48	98	34	63	
92	0.004282	3	48	98	34	
93	0.254014	1	48	
94	0.138539	2	98	34	
95	0.115475	1	98	
96	0.115475	1	34	
97	0.258296	1	63	
98	0.020210	17	40	11	50	90	12	47	16	77	91	20	8	39	38	7	79	69	49	
99	1.300130	2	40	11	
100	0.484521	1	40	
101	0.484521	1	11	
102	0.296954	15	50	90	12	47	16	77	91	20	8	39	38	7	79	69	49	
103	0.675488	10	50	90	12	47	16	77	91	20	8	39	
104	0.472160	3	50	90	12	
105	0.289184	2	50	90	
106	0.050863	1	50	
107	0.050863	1	90	
108	0.340048	1	12	
109	0.235025	7	47	16	77	91	20	8	39	
110	0.059606	5	47	16	77	91	20	
111	0.517578	1	47	
112	0.027199	4	16	77	91	20	
113	0.409825	2	16	77	
114	0.080553	1	16	
115	0.080553	1	77	
116	0.257644	2	91	20	
117	0.232734	1	91	
118	0.232734	1	20	
119	0.281180	2	8	39	
120	0.296003	1	8	
121	0.296003	1	39	
122	0.311861	5	38	7	79	69	49	
123	1.175836	1	38	
124	0.181184	4	7	79	69	49	
125	0.018342	3	7	79	69	
126	0.976310	1	7	
127	0.279919	2	79	69	
128	0.696392	1	79	
129	0.696392	1	69	
130	0.994652	1	49	
131	0.277560	15	57	82	97	3	2	58	72	62	88	67	64	45	5	26	76	
132	1.193366	2	57	82	
133	1.371760	1	57	
134	1.371760	1	82	
135	0.116776	13	97	3	2	58	72	62	88	67	64	45	5	26	76	
136	1.603879	4	97	3	2	58	
137	0.654394	2	97	3	
138	0.190076	1	97	
139	0.190076	1	3	
140	0.371982	2	2	58	
141	0.472489	1	2	
142	0.472489	1	58	
143	0.471943	9	72	62	88	67	64	45	5	26	76	
144	1.525220	3	72	62	88	
145	0.038586	2	72	62	
146	0.412601	1	72	
147	0.412601	1	62	
148	0.451187	1	88	
149	1.191503	6	67	64	45	5	26	76	
150	0.072820	4	67	64	45	5	
151	0.712085	1	67	
152	0.496295	3	64	45	5	
153	0.215790	1	64	
154	0.029099	2	45	5	
155	0.186691	1	45	
156	0.186691	1	5	
157	0.657225	2	26	76	
158	0.127679	1	26	
159	0.127679	1	76	
160	0.495096	20	41	42	35	73	87	19	33	15	30	51	68	31	94	18	28	37	17	71	22	92	
161	1.499077	7	41	42	35	73	87	19	33	
162	0.481884	5	41	42	35	73	87	
163	0.045498	3	41	42	35	
164	0.440536	1	41	
165	0.399952	2	42	35	
166	0.040584	1	42	
167	0.040584	1	35	
168	0.384473	2	73	87	
169	0.101561	1	73	
170	0.101561	1	87	
171	0.645155	2	19	33	
172	0.322762	1	19	
173	0.322762	1	33	
174	1.069929	13	15	30	51	68	31	94	18	28	37	17	71	22	92	
175	0.225058	9	15	30	51	68	31	94	18	28	37	
176	0.668624	4	15	30	51	68	
177	0.129927	2	15	30	
178	0.373457	1	15	
179	0.373457	1	30	
180	0.091787	2	51	68	
181	0.411597	1	51	
182	0.411597	1	68	
183	0.702874	5	31	94	18	28	37	
184	0.060682	4	31	94	18	28	
185	0.408452	1	31	
186	0.017755	3	94	18	28	
187	0.390697	1	94	
188	0.166035	2	18	28	
189	0.224662	1	18	
190	0.224662	1	28	
191	0.469134	1	37	
192	1.015166	4	17	71	22	92	
193	0.381901	1	17	
194	0.060661	3	71	22	92	
195	0.321239	1	71	
196	0.191098	2	22	92	
197	0.130141	1	22	
198	0.130141	1	92	
It	Lh	Lh + Prior	No Pram	Alpha	Sigma^2	Alpha Scale Prior	Node ID	Scaler	Creat It	Node / Branch	
4000	-135.670322	-169.714195	11	0.765897	0.854779	1.100000	160	8.110473	197	Node	144	1.011232	3046	Node	56	0.599568	2938	Node	188	9.431551	2072	Branch	15	7.028414	1797	Branch	10	1.493276	3913	Branch	52	1.120811	773	Branch	84	6.441533	1634	Branch	90	4.797174	2443	Branch	190	11.605600	2548	Branch	167	9.683880	361	Branch	
5000	-134.062104	-184.697025	16	0.864707	0.641754	1.100000	160	11.285020	197	Node	68	3.547535	4976	Branch	5	6.105476	4675	Branch	184	15.692198	4762	Node	63	11.151066	4239	Branch	82	3.522687	4583	Node	145	0.579237	3046	Node	57	0.192668	2938	Node	154	10.855962	4599	Branch	188	1.856460	4058	Node	182	4.351186	4376	Branch	190	13.249914	2548	Branch	100	6.669694	4645	Branch	90	1.475480	2443	Branch	167	11.713352	361	Branch	130	9.676997	4458	Branch	
6000	-140.554218	-192.854243	17	0.963253	0.692522	1.100000	18	1.370684	5219	Node	160	12.673597	197	Node	62	10.589983	4239	Branch	109	7.831416	5444	Branch	150	12.974446	4599	Branch	176	4.397685	5755	Branch	192	5.393705	5531	Node	125	6.934064	4458	Branch	27	2.634194	5801	Branch	188	1.404457	4058	Node	99	4.931766	5803	Branch	29	4.730097	5810	Branch	8	1.481265	5288	Branch	167	12.977806	361	Branch	59	7.469793	5891	Branch	35	1.761545	5453	Branch	100	7.703748	4645	Branch	
7000	-136.305778	-186.125080	16	0.596702	0.645263	1.100000	160	8.857804	197	Node	143	0.334762	6890	Node	78	7.970268	6827	Branch	6	1.282033	6673	Branch	150	16.827695	4599	Branch	27	0.831853	5801	Branch	28	6.101367	5810	Branch	99	1.566779	6724	Node	33	6.573497	6947	Node	188	11.399863	4058	Node	8	0.710594	5288	Branch	12	1.870568	6124	Branch	133	6.391477	6613	Branch	167	15.389471	361	Branch	11	11.424966	6135	Branch	185	2.092070	6950	Branch	
8000	-140.758288	-201.644615	19	0.807196	0.889379	1.100000	160	14.720771	197	Node	135	2.193673	7098	Branch	175	3.082019	7649	Branch	5	6.842017	6673	Branch	6	13.192835	7361	Branch	82	0.926448	6827	Branch	70	5.901349	7341	Branch	33	10.375315	6947	Node	28	0.120067	7553	Branch	188	9.215782	7358	Node	8	3.845538	5288	Branch	151	3.607152	4599	Branch	133	4.312531	6613	Branch	31	11.776914	7441	Branch	11	18.321265	6135	Branch	12	6.000940	6124	Branch	107	2.928785	7674	Branch	185	11.081227	6950	Branch	167	19.314963	361	Branch	
9000	-138.479873	-191.688532	16	0.677771	0.735789	1.100000	160	9.104583	197	Node	149	12.527856	7098	Branch	5	19.379662	6673	Branch	6	14.913168	7361	Branch	150	6.138282	4599	Branch	186	4.722922	7358	Node	92	3.128783	8816	Node	64	0.479190	8656	Branch	94	5.417539	8678	Node	31	11.095134	7441	Branch	167	19.595395	361	Branch	169	15.500694	8234	Branch	191	5.343785	7649	Branch	11	5.717177	6135	Branch	85	2.311654	6827	Branch	12	8.756900	6124	Branch	
10000	-142.523461	-183.995349	12	1.960826	0.761255	1.100000	160	14.247591	197	Node	46	0.780051	9846	Branch	149	6.134500	7098	Branch	5	27.661232	7361	Branch	137	0.741716	9697	Branch	99	3.914789	9151	Node	154	21.838344	9512	Branch	88	10.931319	9049	Branch	13	1.614246	6673	Branch	191	6.499414	7649	Branch	167	9.509967	9620	Branch	153	10.733899	4599	Branch	
