10
0	t4
1	t9
2	t5
3	t3
4	t1
5	t10
6	t8
7	t2
8	t7
9	t6
19
0	1.315345	10	0	3	5	8	6	9	1	7	4	2	
1	0.303709	4	0	3	5	8	
2	0.951031	1	0	
3	0.229780	3	3	5	8	
4	0.721251	1	3	
5	0.514476	2	5	8	
6	0.206774	1	5	
7	0.206774	1	8	
8	0.264706	6	6	9	1	7	4	2	
9	0.774468	5	6	9	1	7	4	
10	0.125717	2	6	9	
11	0.089848	1	6	
12	0.089848	1	9	
13	0.130842	3	1	7	4	
14	0.080509	2	1	7	
15	0.004213	1	1	
16	0.004213	1	7	
17	0.084723	1	4	
18	0.990033	1	2	
It	Lh	Lh + Prior	No Pram	Alpha	Sigma^2	Alpha Scale Prior	Node ID	Scaler	Creat It	Node / Branch	
4000	-14.428602	-19.686746	1	1.512114	2.134686	1.100000	14	4.507827	3946	Branch	
5000	-15.181177	-27.221101	3	1.254398	3.705090	1.100000	13	7.087202	4987	Branch	5	1.309344	4928	Branch	10	7.528878	4975	Branch	
6000	-14.600694	-21.436174	1	1.223827	4.777051	1.100000	13	0.519519	5998	Node	
7000	-13.378975	-19.219844	1	0.864070	3.008111	1.100000	7	6.240303	6887	Branch	
8000	-13.639296	-18.778739	1	1.992956	1.707819	1.100000	7	2.854073	7964	Branch	
9000	-14.214147	-25.390460	3	0.882497	3.449096	1.100000	7	1.627931	8837	Branch	12	1.092040	8972	Branch	4	4.433837	8994	Branch	
10000	-14.232008	-16.536869	0	1.477963	1.811986	1.100000	
