generation,leftchild,rightchild,abstime,betainit,betashift
0,t2,t10,0,0.5,0
10,t2,t10,0,0.5,0
20,t2,t10,0,0.5,0
30,t2,t10,0,0.5,0
40,t2,t10,0,0.5,0
50,t2,t10,0,0.5,0
60,t2,t10,0,0.5,0
70,t2,t10,0,0.5,-0.0867128
80,t2,t10,0,0.5,-0.0867128
90,t2,t10,0,0.5,-0.0867128
100,t2,t10,0,0.5,-0.0867128
110,t2,t10,0,0.5,0.485212
120,t2,t10,0,0.5,0.485212
130,t2,t10,0,0.936106,0.485212
140,t2,t10,0,0.936106,0.485212
150,t2,t10,0,0.936106,0.485212
160,t2,t10,0,0.936106,-0.131303
170,t2,t10,0,0.936106,-0.131303
170,t8,NA,3.11274,2.0979,-0.370457
180,t2,t10,0,0.936106,-0.131303
180,t8,NA,3.09721,2.0979,-0.449773
190,t2,t10,0,0.936106,-0.131303
190,t8,NA,3.19108,2.0979,-0.449773
200,t2,t10,0,0.936106,-0.131303
200,t8,NA,3.19108,2.0979,-0.449773
200,t1,NA,2.82295,0.189699,0.0654912
210,t2,t10,0,0.936106,-0.131303
210,t8,NA,3.19108,2.0979,-0.449773
210,t1,NA,2.82295,0.189699,0.0654912
220,t2,t10,0,0.936106,-0.131303
220,t8,NA,3.21833,2.0979,-0.449773
220,t1,NA,2.84647,0.189699,0.0654912
230,t2,t10,0,0.936106,-0.131303
230,t8,NA,3.21833,2.0979,-0.449773
230,t1,NA,2.84647,0.189699,0.0654912
240,t2,t10,0,0.876579,-0.131303
240,t8,NA,3.21833,2.0979,-0.449773
240,t1,NA,2.84647,0.123774,0.0654912
250,t2,t10,0,0.876579,-0.131303
250,t8,NA,3.21833,2.0979,-0.449773
250,t1,NA,2.84647,0.188307,0.0654912
260,t2,t10,0,0.876579,-0.131303
260,t8,NA,3.21833,2.0979,-0.449773
260,t1,NA,2.84647,0.306968,0.0654912
270,t2,t10,0,0.876579,-0.131303
270,t8,NA,3.21833,2.0979,-0.449773
270,t1,NA,2.84647,0.306968,0.0654912
280,t2,t10,0,0.876579,-0.131303
280,t8,NA,3.21833,2.0979,-0.449773
280,t1,NA,2.84647,0.306968,0.0654912
290,t2,t10,0,0.876579,-0.131303
290,t8,NA,3.21833,2.0979,-0.449773
290,t1,NA,2.84647,0.306968,0.0654912
300,t2,t10,0,0.876579,-0.131303
300,t8,NA,3.21833,2.0979,-0.449773
300,t1,NA,2.84647,0.306968,0.0654912
310,t2,t10,0,0.876579,-0.131303
310,t1,NA,2.84647,0.306968,0.0654912
320,t2,t10,0,0.876579,-0.131303
320,t1,NA,2.84647,0.306968,0.0654912
330,t2,t10,0,0.876579,-0.131303
330,t3,NA,3.26202,0.306968,0.0654912
340,t2,t10,0,1.35736,-0.131303
340,t3,NA,3.29233,0.306968,0.0654912
350,t2,t10,0,1.35736,-0.131303
350,t3,NA,3.2842,0.306968,0.0654912
360,t2,t10,0,1.35736,-0.131303
360,t3,NA,3.2842,0.306968,0.0654912
370,t2,t10,0,1.35736,-0.20008
370,t3,NA,3.2842,0.306968,0.0654912
380,t2,t10,0,1.35736,-0.286192
380,t3,NA,3.2842,0.306968,0.0654912
390,t2,t10,0,1.35736,-0.286192
390,t3,NA,3.2842,0.662404,0.0654912
400,t2,t10,0,2.13076,-0.286192
400,t3,NA,3.34501,0.662404,0.0654912
410,t2,t10,0,1.49628,-0.286192
410,t3,NA,3.27688,0.662404,0.0654912
410,t5,NA,3.15111,3.02893,-0.0982898
420,t2,t10,0,1.0183,-0.286192
420,t3,NA,3.27688,0.560282,0.0654912
420,t5,NA,3.15111,3.02893,-0.0982898
430,t2,t10,0,1.0183,-0.286192
430,t3,NA,3.27688,0.560282,0.0654912
430,t5,NA,3.15111,3.02893,-0.0982898
440,t2,t10,0,1.0183,-0.286192
440,t3,NA,3.27688,0.560282,0.0654912
440,t5,NA,3.15111,3.02893,-0.0982898
450,t2,t10,0,1.0183,-0.286192
450,t3,NA,3.27688,0.560282,0.0654912
450,t5,NA,3.15111,3.02893,-0.0982898
460,t2,t10,0,1.0183,-0.286192
460,t5,NA,3.15111,3.02893,-0.0982898
460,t1,NA,3.47201,0.723874,0.260088
470,t2,t10,0,1.0183,-0.286192
470,t5,NA,3.1933,3.02893,-0.0982898
470,t1,NA,3.46696,0.723874,0.260088
480,t2,t10,0,1.60514,-0.286192
480,t5,NA,3.1933,2.4748,-0.0982898
480,t1,NA,3.46696,0.723874,0.260088
490,t2,t10,0,1.60514,-0.286192
490,t1,NA,3.46696,0.723874,0.260088
500,t2,t10,0,1.60514,-0.286192
500,t1,NA,3.46696,0.942626,0.260088
510,t2,t10,0,1.60514,-0.286192
510,t1,NA,3.5013,0.942626,0.260088
520,t2,t10,0,1.60514,-0.286192
530,t2,t10,0,1.60514,-0.286192
540,t2,t10,0,1.60514,-0.286192
550,t2,t10,0,1.60514,-0.286192
560,t2,t10,0,1.60514,-0.286192
570,t2,t10,0,1.65756,-0.286192
580,t2,t10,0,1.65756,-0.286192
590,t2,t10,0,1.65756,-0.286192
600,t2,t10,0,1.65756,-0.286192
610,t2,t10,0,1.65756,0.0775626
620,t2,t10,0,1.65756,0.0775626
630,t2,t10,0,1.65756,0.0775626
640,t2,t10,0,1.03279,0.0775626
650,t2,t10,0,1.03279,0.0775626
660,t2,t10,0,1.03279,0.0775626
670,t2,t10,0,1.03279,0.0775626
670,t10,NA,0.428641,0.16565,0.128467
680,t2,t10,0,1.03279,0.0775626
680,t10,NA,0.428641,0.201255,0.128467
690,t2,t10,0,1.03279,0.0775626
690,t10,NA,0.428641,0.201255,0.128467
700,t2,t10,0,1.03279,0.0775626
700,t1,NA,1.15534,1.09372,-0.22301
700,t10,NA,0.428641,0.201255,0.128467
710,t2,t10,0,1.03279,0.0775626
710,t10,NA,0.428641,0.201255,-0.183243
720,t2,t10,0,1.03279,0.0775626
720,t10,NA,0.428641,0.201255,-0.250522
730,t2,t10,0,1.03279,0.0775626
730,t10,NA,0.428641,0.138356,-0.250522
740,t2,t10,0,1.03279,0.0775626
740,t10,NA,0.428641,0.138356,-0.250522
750,t2,t10,0,1.03279,0.0775626
750,t8,NA,3.38788,5.87691,-0.586147
750,t10,NA,0.428641,0.138356,-0.250522
760,t2,t10,0,1.01013,0.0775626
760,t8,NA,3.38788,5.87691,-0.586147
760,t10,NA,0.428641,0.138356,-0.250522
770,t2,t10,0,1.01013,0.0775626
770,t8,NA,3.38788,5.21293,-0.586147
770,t10,NA,0.428641,0.138356,-0.250522
780,t2,t10,0,1.01013,0.0775626
780,t8,NA,3.38788,5.21293,-0.586147
780,t10,NA,0.428641,0.138356,-0.250522
790,t2,t10,0,1.01013,0.0775626
790,t8,NA,3.38788,5.21293,-0.586147
790,t10,NA,0.428641,0.138356,0.118861
800,t2,t10,0,1.01013,0.0775626
800,t8,NA,3.38788,5.21293,-0.586147
800,t10,NA,0.428641,0.138356,0.118861
810,t2,t10,0,1.01013,0.0775626
810,t8,NA,3.37569,5.21293,-0.586147
810,t10,NA,0.428641,0.138356,0.118861
820,t2,t10,0,1.01013,0.0775626
820,t8,NA,3.37569,5.21293,-0.586147
820,t10,NA,0.428641,0.153283,0.118861
830,t2,t10,0,1.01013,0.0775626
830,t8,NA,3.37569,5.21293,-0.586147
830,t10,NA,0.428641,0.309925,0.118861
840,t2,t10,0,1.01013,0.0775626
840,t8,NA,3.37569,5.21293,-0.586147
840,t10,NA,0.428641,0.309925,0.118861
850,t2,t10,0,1.01013,0.0775626
850,t8,NA,3.37569,5.21293,-0.586147
850,t10,NA,0.428641,0.309925,0.118861
860,t2,t10,0,1.01013,0.0775626
860,t8,NA,3.37569,5.21293,-0.586147
860,t10,NA,0.428641,0.309925,-0.433303
870,t2,t10,0,1.01013,0.0775626
870,t8,NA,3.37569,5.21293,-0.586147
870,t10,NA,0.428641,0.309925,-0.433303
880,t2,t10,0,1.01013,0.0775626
880,t8,NA,3.39888,5.21293,-0.586147
880,t10,NA,0.428641,0.19088,-0.433303
890,t2,t10,0,1.01013,0.0775626
890,t8,NA,3.39888,5.11029,-0.586147
890,t10,NA,0.428641,0.19088,-0.433303
900,t2,t10,0,1.01013,0.0775626
900,t8,NA,3.39888,5.11029,-0.586147
900,t10,NA,0.428641,0.19088,-0.352145
910,t2,t10,0,1.01013,0.0775626
910,t8,NA,3.39888,5.11029,-0.586147
910,t10,NA,0.428641,0.19088,-0.352145
920,t2,t10,0,1.01013,0.0775626
920,t8,NA,3.39888,3.89383,-0.586147
920,t1,NA,0.610042,0.797631,-0.536868
920,t10,NA,0.428641,0.19088,-0.352145
930,t2,t10,0,1.52628,0.0775626
930,t8,NA,3.39888,3.89383,-0.586147
930,t1,NA,0.610042,0.797631,-0.536868
930,t10,NA,0.428641,0.19088,-0.352145
940,t2,t10,0,1.52628,0.0775626
940,t8,NA,3.39888,3.89383,-0.586147
940,t1,NA,0.610042,0.797631,-0.536868
940,t10,NA,0.428641,0.19088,-0.352145
950,t2,t10,0,1.52628,0.0775626
950,t8,NA,3.39888,3.37423,-0.586147
950,t1,NA,0.610042,0.797631,-0.536868
960,t2,t10,0,1.52628,0.0775626
960,t8,NA,3.39888,3.37423,-0.586147
960,t1,NA,0.610042,0.797631,-0.536868
970,t2,t10,0,1.52628,0.0775626
970,t8,NA,3.39888,3.37423,-0.586147
970,t1,NA,0.610042,0.797631,-0.536868
980,t2,t10,0,1.52628,0.0775626
980,t8,NA,3.39888,3.15124,-0.586147
980,t1,NA,0.610042,0.797631,-0.536868
990,t2,t10,0,1.07555,0.0775626
990,t8,NA,3.39888,3.15124,-0.586147
1000,t2,t10,0,0.415317,0.200159
1000,t2,NA,2.34016,1.66928,-0.211064
1000,t10,NA,0.527669,7.46789,0.146374
1010,t2,t10,0,0.415317,0.200159
1010,t2,NA,2.34016,1.66928,-0.211064
1010,t10,NA,0.588266,7.46789,0.146374
1020,t2,t10,0,0.415317,0.200159
1020,t2,NA,2.34016,1.66928,-0.211064
1020,t10,NA,0.588266,7.46789,0.146374
1030,t2,t10,0,0.415317,0.200159
1030,t2,NA,2.34016,1.66928,-0.211064
1030,t10,NA,0.588266,7.46789,0.146374
1040,t2,t10,0,0.415317,0.200159
1040,t2,NA,2.34016,1.66928,-0.192995
1040,t10,NA,0.588266,7.46789,0.146374
1050,t2,t10,0,0.415317,0.200159
1050,t2,NA,2.34016,1.66928,-0.192995
1050,t10,NA,0.588266,7.46789,0.146374
1060,t2,t10,0,0.415317,0.200159
1060,t2,NA,2.34016,2.70878,-0.192995
1060,t10,NA,0.588266,7.46789,0.146374
1070,t2,t10,0,0.415317,0.200159
1070,t4,NA,3.49145,2.70878,-0.192995
1070,t10,NA,0.588266,8.81148,0.146374
1080,t2,t10,0,0.415317,0.200159
1080,t4,NA,3.49145,2.70878,-0.192995
1080,t10,NA,0.588266,8.81148,0.146374
1090,t2,t10,0,0.415317,0.200159
1090,t4,NA,3.49145,2.70878,-0.192995
1090,t10,NA,0.588266,8.81148,0.146374
1100,t2,t10,0,0.415317,0.200159
1100,t4,NA,3.43278,2.70878,-0.192995
1100,t10,NA,0.588266,8.81148,0.146374
1110,t2,t10,0,0.415317,0.200159
1110,t10,NA,0.588266,8.81148,0.146374
1120,t2,t10,0,0.681327,0.200159
1120,t10,NA,0.422405,8.81148,0.146374
1130,t2,t10,0,0.681327,0.200159
1130,t10,NA,0.422405,8.81148,0.146374
1140,t2,t10,0,0.681327,0.200159
1140,t10,NA,0.422405,8.81148,0.146374
1150,t2,t10,0,0.681327,0.200159
1150,t10,NA,0.374461,8.81148,0.146374
1160,t2,t10,0,0.681327,0.200159
1160,t10,NA,0.374461,8.81148,-0.272227
1170,t2,t10,0,0.520923,0.200159
1170,t10,NA,0.314832,8.81148,-0.272227
1180,t2,t10,0,0.520923,0.200159
1180,t10,NA,0.314832,8.81148,-0.272227
1190,t2,t10,0,0.520923,0.200159
1200,t2,t10,0,0.581652,0.200159
1210,t2,t10,0,0.581652,0.200159
1220,t2,t10,0,0.581652,0.200159
1230,t2,t10,0,0.581652,0.200159
1240,t2,t10,0,0.648728,0.200159
1250,t2,t10,0,0.648728,0.200159
1260,t2,t10,0,0.648728,0.200159
1260,t10,NA,1.93513,0.74277,0.275485
1270,t2,t10,0,0.648728,0.200159
1270,t10,NA,1.93513,0.74277,-0.231431
1280,t2,t10,0,0.648728,0.200159
1280,t10,NA,1.93513,0.74277,-0.231431
1290,t2,t10,0,0.648728,0.200159
1290,t3,NA,3.19895,0.74277,-0.231431
1300,t2,t10,0,0.648728,0.200159
1300,t3,NA,3.19895,0.891333,-0.231431
1310,t2,t10,0,0.648728,0.200159
1310,t3,NA,3.19895,0.891333,-0.231431
1320,t2,t10,0,0.648728,0.200159
1320,t3,NA,3.19895,1.06122,-0.231431
1330,t2,t10,0,0.648728,0.200159
1330,t3,NA,3.19895,1.06122,-0.231431
1330,t1,NA,2.47513,5.45179,-0.109748
1340,t2,t10,0,0.648728,0.200159
1340,t3,NA,3.19895,1.37113,-0.231431
1340,t1,NA,2.47513,3.64262,-0.109748
1350,t2,t10,0,0.648728,0.200159
1350,t3,NA,3.19895,1.37113,-0.231431
1350,t1,NA,2.47513,3.64262,-0.109748
1360,t2,t10,0,0.648728,0.200159
1360,t3,NA,3.19895,1.37113,-0.231431
1360,t1,NA,2.47513,3.64262,-0.109748
1370,t2,t10,0,0.648728,0.200159
1370,t3,NA,3.19895,1.37113,-0.231431
1370,t1,NA,2.47513,3.64262,-0.109748
1380,t2,t10,0,0.648728,0.200159
1380,t3,NA,3.19895,1.37113,-0.231431
1380,t1,NA,2.47513,3.64262,-0.109748
1390,t2,t10,0,0.648728,0.200159
1390,t3,NA,3.19895,1.37113,-0.231431
1390,t1,NA,2.43394,3.64262,-0.109748
1400,t2,t10,0,0.648728,0.200159
1400,t3,NA,3.19895,1.37113,-0.231431
1400,t1,NA,2.43394,3.64262,-0.109748
1410,t2,t10,0,0.648728,0.200159
1410,t3,NA,3.19895,1.37113,-0.231431
1410,t1,NA,2.43394,4.40774,-0.109748
1420,t2,t10,0,0.648728,0.200159
1420,t3,NA,3.19895,1.37113,-0.231431
1420,t1,NA,2.43394,4.90564,-0.109748
1430,t2,t10,0,0.648728,0.200159
1430,t3,NA,3.19895,1.37113,-0.231431
1430,t1,NA,2.43394,4.90564,-0.109748
1440,t2,t10,0,0.648728,0.200159
1440,t3,NA,3.19895,1.37113,-0.231431
1440,t1,NA,2.43394,4.58567,-0.109748
1450,t2,t10,0,0.648728,0.200159
1450,t3,NA,3.19895,1.37113,-0.231431
1450,t1,NA,2.43394,4.58567,-0.109748
1450,t10,NA,0.0123103,4.28322,0.523432
1460,t2,t10,0,0.648728,0.200159
1460,t3,NA,3.19895,1.37113,-0.231431
1460,t1,NA,2.43394,4.58567,-0.109748
1460,t10,NA,0.0123103,4.28322,0.523432
1470,t2,t10,0,0.648728,0.200159
1470,t3,NA,3.19895,1.37113,-0.231431
1470,t1,NA,2.43394,4.58567,-0.109748
1470,t10,NA,0.0123103,4.28322,0.523432
1480,t2,t10,0,0.648728,0.200159
1480,t1,NA,2.43394,4.58567,-0.109748
1480,t10,NA,0.0123103,6.73376,0.523432
1490,t2,t10,0,0.648728,0.200159
1490,t1,NA,2.43394,4.58567,-0.109748
1490,t10,NA,0.0123103,6.73376,0.523432
1500,t2,t10,0,0.648728,0.200159
1500,t1,NA,2.43394,4.58567,-0.109748
1500,t10,NA,0.0123103,6.73376,0.523432
1510,t2,t10,0,0.648728,0.200159
1510,t1,NA,2.43394,4.58567,-0.109748
1510,t10,NA,0.0123103,6.73376,0.523432
1520,t2,t10,0,0.648728,0.545745
1520,t1,NA,2.43394,4.58567,-0.109748
1520,t10,NA,0.0123103,6.73376,0.523432
1530,t2,t10,0,0.472822,0.545745
1530,t1,NA,2.43394,4.58567,-0.109748
1530,t10,NA,0.0123103,6.73376,0.523432
1540,t2,t10,0,0.472822,0.545745
1540,t1,NA,2.43394,4.58567,-0.109748
1540,t10,NA,0.0123103,6.73376,-0.121255
1550,t2,t10,0,0.472822,0.545745
1550,t1,NA,2.43394,4.58567,-0.109748
1550,t10,NA,0.0123103,6.73376,0.104618
1560,t2,t10,0,0.472822,0.545745
1560,t1,NA,2.46375,4.58567,-0.109748
1560,t10,NA,0.0123103,6.73376,0.104618
1570,t2,t10,0,0.472822,0.545745
1570,t1,NA,2.52489,4.58567,-0.109748
1570,t10,NA,0.0123103,6.73376,0.104618
1580,t2,t10,0,0.534143,0.545745
1580,t1,NA,2.52489,4.58567,-0.109748
1580,t10,NA,0.0123103,6.73376,0.104618
1590,t2,t10,0,0.534143,0.545745
1590,t1,NA,2.54404,4.58567,-0.109748
1590,t10,NA,0.0123103,6.73376,0.104618
1600,t2,t10,0,0.534143,0.545745
1600,t1,NA,2.54404,4.58567,-0.109748
1600,t10,NA,0.0123103,6.73376,0.104618
1610,t2,t10,0,0.534143,0.545745
1610,t1,NA,2.54404,5.9474,-0.183423
1610,t10,NA,0.0123103,6.73376,0.104618
1620,t2,t10,0,0.534143,0.545745
1620,t1,NA,2.54404,5.9474,-0.183423
1620,t10,NA,0.0123103,6.73376,0.104618
1630,t2,t10,0,0.671816,0.545745
1630,t1,NA,2.54404,6.95202,-0.183423
1630,t10,NA,0.0123103,6.73376,0.104618
1640,t2,t10,0,0.671816,0.545745
1640,t1,NA,2.54404,6.95202,-0.183423
1640,t10,NA,0.0123103,6.73376,0.104618
1650,t2,t10,0,0.671816,0.545745
1650,t1,NA,2.54404,6.95202,-0.183423
1650,t10,NA,0.0123103,6.73376,0.104618
1660,t2,t10,0,0.671816,0.545745
1660,t1,NA,2.54404,6.95202,-0.183423
1660,t10,NA,0.0123103,6.73376,0.104618
1670,t2,t10,0,0.671816,0.545745
1670,t1,NA,2.54404,6.95202,-0.183423
1680,t2,t10,0,0.671816,0.545745
1680,t1,NA,2.49629,6.95202,-0.183423
1690,t2,t10,0,0.671816,0.545745
1690,t1,NA,2.56325,6.95202,-0.183423
1700,t2,t10,0,0.671816,0.545745
1700,t1,NA,2.56325,6.6942,-0.183423
1710,t2,t10,0,0.671816,0.545745
1710,t1,NA,2.59893,6.6942,-0.183423
1720,t2,t10,0,0.671816,0.545745
1720,t4,NA,3.3646,2.15295,-0.034129
1730,t2,t10,0,0.671816,0.83223
1740,t2,t10,0,0.671816,0.83223
1750,t2,t10,0,0.671816,0.83223
1760,t2,t10,0,0.671816,0.83223
1770,t2,t10,0,0.671816,0.83223
1780,t2,t10,0,0.671816,0.83223
1790,t2,t10,0,0.671816,0.83223
1800,t2,t10,0,0.85341,0.83223
1810,t2,t10,0,0.598185,0.83223
1820,t2,t10,0,0.598185,0.83223
1830,t2,t10,0,0.598185,0.83223
1840,t2,t10,0,0.598185,0.359037
1850,t2,t10,0,0.598185,0.359037
1860,t2,t10,0,0.598185,0.359037
1870,t2,t10,0,0.445315,0.359037
1880,t2,t10,0,0.445315,0.359037
1880,t2,t9,1.36629,1.4213,-0.0678574
1890,t2,t10,0,0.445315,0.359037
1890,t9,t5,1.42159,1.4213,-0.0678574
1900,t2,t10,0,0.445315,0.359037
1900,t9,t5,1.45932,1.4213,-0.0678574
1910,t2,t10,0,0.445315,0.359037
1910,t9,t5,1.4734,1.4213,-0.0678574
1920,t2,t10,0,0.445315,0.359037
1920,t9,t5,1.54656,1.4213,-0.0678574
1930,t2,t10,0,0.445315,0.359037
1930,t9,t5,1.54656,1.4213,-0.0678574
1940,t2,t10,0,0.646926,0.359037
1950,t2,t10,0,0.654942,0.359037
1960,t2,t10,0,0.654942,0.359037
1970,t2,t10,0,0.654942,0.359037
1980,t2,t10,0,0.654942,0.359037
1990,t2,t10,0,0.654942,0.359037
2000,t2,t10,0,0.751366,0.0775626
2010,t2,t10,0,0.557668,0.0775626
2020,t2,t10,0,0.557668,0.0775626
2030,t2,t10,0,0.557668,0.0775626
2040,t2,t10,0,0.40982,0.0775626
2050,t2,t10,0,0.661816,0.0775626
2060,t2,t10,0,1.01436,0.0775626
2070,t2,t10,0,1.01436,0.0775626
2070,t10,NA,1.54481,0.230519,-0.0400241
2080,t2,t10,0,1.01436,0.0775626
2080,t10,NA,1.54481,0.230519,-0.0400241
2090,t2,t10,0,0.776283,0.0775626
2090,t10,NA,1.54481,0.230519,-0.00295688
2100,t2,t10,0,0.776283,0.0775626
2110,t2,t10,0,0.776283,0.0775626
2120,t2,t10,0,0.776283,0.0775626
2130,t2,t10,0,0.776283,0.0775626
2140,t2,t10,0,0.776283,0.0775626
2150,t2,t10,0,0.776283,0.0775626
2160,t2,t10,0,0.776283,0.0775626
2170,t2,t10,0,0.776283,0.0775626
2180,t2,t10,0,0.776283,0.0775626
2190,t2,t10,0,0.776283,0.0775626
2200,t2,t10,0,0.538453,0.0775626
2200,t1,NA,2.13513,5.09087,-0.568991
2210,t2,t10,0,0.538453,0.3699
2210,t1,NA,2.13513,5.09087,-0.568991
2220,t2,t10,0,0.538453,0.3699
2220,t1,NA,2.21684,5.09087,-0.568991
2230,t2,t10,0,0.538453,0.3699
2230,t1,NA,2.21684,5.09087,-0.568991
2240,t2,t10,0,0.538453,0.3699
2240,t1,NA,2.21684,5.09087,-0.568991
2250,t2,t10,0,0.538453,0.3699
2250,t1,NA,2.30437,5.09087,-0.568991
2260,t2,t10,0,0.538453,0.3699
2260,t1,NA,2.30437,5.54538,-0.568991
2270,t2,t10,0,0.538453,0.3699
2270,t9,t5,1.51706,4.05213,-0.470871
2280,t2,t10,0,0.538453,0.3699
2280,t9,t5,1.51706,4.05213,-0.470871
2290,t2,t10,0,0.538453,0.3699
2290,t9,t5,1.51706,4.05213,-0.470871
2300,t2,t10,0,0.538453,0.3699
2300,t9,t5,1.48386,4.05213,-0.470871
2300,t10,NA,0.0388819,2.84112,-0.51748
2310,t2,t10,0,0.538453,0.3699
2310,t9,t5,1.48386,4.05213,-0.470871
2310,t10,NA,0.0388819,1.88605,0.214542
2320,t2,t10,0,0.538453,0.3699
2320,t9,t5,1.48386,4.05213,-0.470871
2320,t10,NA,0.0388819,1.26636,0.214542
2330,t2,t10,0,0.538453,0.3699
2330,t9,t5,1.48386,4.05213,-0.222992
2330,t10,NA,0.0388819,1.26636,0.214542
2340,t2,t10,0,0.538453,0.3699
2340,t9,t5,1.48386,4.05213,-0.222992
2340,t10,NA,0.0388819,1.26636,0.214542
2350,t2,t10,0,0.538453,0.3699
2350,t9,t5,1.48386,4.05213,-0.222992
2350,t10,NA,0.0388819,1.26636,0.214542
2360,t2,t10,0,0.538453,0.3699
2360,t9,t5,1.46255,4.05213,-0.222992
2360,t10,NA,0.0388819,1.26636,0.214542
2370,t2,t10,0,0.538453,0.3699
2370,t9,t5,1.46255,4.05213,-0.528334
2370,t10,NA,0.0388819,1.26636,0.214542
2380,t2,t10,0,0.350703,0.3699
2380,t9,t5,1.46255,4.05213,-0.528334
2380,t10,NA,0.0388819,1.26636,0.214542
2390,t2,t10,0,0.213427,0.3699
2390,t9,t5,1.46255,4.05213,-0.528334
2390,t10,NA,0.0388819,1.26636,0.214542
2400,t2,t10,0,0.213427,0.3699
2400,t9,t5,1.46255,4.05213,-0.528334
2400,t10,NA,0.0388819,1.40948,0.214542
2410,t2,t10,0,0.213427,0.3699
2410,t9,t5,1.46255,4.05213,-0.528334
2410,t10,NA,0.0388819,1.40948,0.214542
2420,t2,t10,0,0.213427,0.3699
2420,t9,t5,1.46255,4.05213,-0.528334
2420,t10,NA,0.118878,0.971568,0.214542
2430,t2,t10,0,0.213427,0.3699
2430,t9,t5,1.46255,4.05213,-0.528334
2430,t10,NA,0.118878,0.971568,0.214542
2440,t2,t10,0,0.213427,0.3699
2440,t9,t5,1.46255,4.05213,-0.528334
2440,t10,NA,0.118878,0.971568,0.214542
2450,t2,t10,0,0.213427,0.429624
2450,t9,t5,1.46255,4.05213,-0.528334
2450,t10,NA,0.197738,0.971568,0.214542
2460,t2,t10,0,0.213427,0.429624
2460,t9,t5,1.46255,4.05213,-0.528334
2460,t10,NA,0.197738,0.971568,0.214542
2470,t2,t10,0,0.213427,0.429624
2470,t9,t5,1.46255,4.05213,-0.775859
2470,t10,NA,0.197738,0.971568,0.214542
2480,t2,t10,0,0.213427,0.429624
2480,t9,t5,1.46255,4.05213,-0.775859
2480,t10,NA,0.197738,0.971568,0.214542
2490,t2,t10,0,0.213427,0.429624
2490,t9,t5,1.46255,4.05213,-0.775859
2490,t10,NA,0.197738,0.971568,0.214542
2500,t2,t10,0,0.213427,0.429624
2500,t9,t5,1.48413,4.05213,-0.775859
2500,t10,NA,0.197738,0.971568,0.214542
2510,t2,t10,0,0.213427,0.429624
2510,t5,t7,2.90376,0.698443,0.0664581
2510,t9,t5,1.48413,4.05213,-0.775859
2510,t10,NA,0.197738,0.971568,0.214542
2520,t2,t10,0,0.213427,0.429624
2520,t5,t7,2.90376,0.698443,0.0664581
2520,t9,t5,1.53064,4.05213,-0.775859
2520,t10,NA,0.197738,0.971568,0.214542
2530,t2,t10,0,0.213427,0.429624
2530,t5,t7,2.90376,0.698443,0.0664581
2530,t9,t5,1.53064,4.05213,-0.775859
2530,t10,NA,0.197738,0.971568,0.214542
2540,t2,t10,0,0.213427,0.429624
2540,t5,t7,2.90376,0.698443,0.0664581
2540,t9,t5,1.53064,4.05213,-0.775859
2540,t10,NA,0.197738,1.03263,0.214542
2550,t2,t10,0,0.213427,0.429624
2550,t5,t7,2.90376,0.698443,0.0664581
2550,t9,t5,1.49291,4.05213,-0.775859
2550,t10,NA,0.197738,1.03263,0.214542
2560,t2,t10,0,0.213427,0.429624
2560,t5,t7,2.90376,0.698443,0.0664581
2560,t9,t5,1.49291,4.05213,0.133663
2560,t10,NA,0.197738,1.03263,0.214542
2560,t10,NA,2.87928,1.48782,0.222197
2570,t2,t10,0,0.213427,0.429624
2570,t5,t7,2.90376,0.698443,0.0664581
2570,t9,t5,1.49291,4.05213,0.133663
2570,t10,NA,0.197738,1.03263,0.214542
2570,t10,NA,2.87928,2.70784,0.222197
2580,t2,t10,0,0.213427,0.429624
2580,t5,t7,2.90376,0.698443,0.0664581
2580,t9,t5,1.49291,4.05213,0.133663
2580,t10,NA,0.197738,1.03263,0.214542
2580,t10,NA,2.87928,2.70784,0.222197
2590,t2,t10,0,0.213427,0.429624
2590,t5,t7,2.90376,0.698443,0.0664581
2590,t9,t5,1.49291,4.05213,0.133663
2590,t10,NA,0.197738,1.03263,0.214542
2590,t10,NA,2.87928,3.6696,0.222197
2600,t2,t10,0,0.213427,0.429624
2600,t5,t7,2.90376,0.698443,0.0664581
2600,t9,t5,1.49291,4.05213,0.133663
2600,t10,NA,0.197738,1.03263,0.214542
2600,t10,NA,2.87928,3.6696,0.222197
2610,t2,t10,0,0.213427,0.429624
2610,t3,NA,3.28623,3.37727,0.300211
2610,t5,t7,2.90376,0.698443,0.0664581
2610,t9,t5,1.49291,4.05213,0.133663
2610,t10,NA,0.197738,1.03263,0.214542
2610,t10,NA,2.87928,3.6696,0.222197
2620,t2,t10,0,0.213427,0.429624
2620,t5,t7,2.90376,0.698443,0.0664581
2620,t9,t5,1.49291,4.05213,0.133663
2620,t10,NA,0.197738,1.03263,0.214542
2620,t10,NA,2.87928,3.6696,0.222197
2630,t2,t10,0,0.213427,0.429624
2630,t5,t7,2.90376,0.698443,0.0664581
2630,t9,t5,1.49291,4.05213,0.133663
2630,t10,NA,0.197738,1.03263,0.214542
2630,t10,NA,2.87928,3.6696,0.222197
2640,t2,t10,0,0.213427,0.429624
2640,t5,t7,2.90376,0.698443,0.0664581
2640,t9,t5,1.49291,4.05213,0.133663
2640,t10,NA,0.197738,1.03263,0.214542
2640,t10,NA,2.92073,3.6696,0.222197
2650,t2,t10,0,0.213427,0.429624
2650,t5,t7,2.90376,0.698443,0.0664581
2650,t9,t5,1.49291,4.05213,0.133663
2650,t10,NA,0.197738,1.03263,0.214542
2660,t2,t10,0,0.213427,0.429624
2660,t5,t7,2.90376,0.698443,0.0664581
2660,t9,t5,1.44144,4.05213,0.133663
2660,t10,NA,0.197738,1.03263,0.214542
2670,t2,t10,0,0.213427,0.429624
2670,t5,t7,2.90376,0.698443,0.0664581
2670,t9,t5,1.44583,4.05213,0.133663
2670,t10,NA,0.197738,1.03263,0.214542
2680,t2,t10,0,0.213427,0.429624
2680,t9,t5,1.44583,4.05213,0.133663
2690,t2,t10,0,0.213427,0.429624
2690,t9,t5,1.4737,4.05213,0.133663
2700,t2,t10,0,0.213427,0.429624
2700,t9,t5,1.4737,4.05213,0.380945
2710,t2,t10,0,0.213427,0.429624
2710,t9,t5,1.4737,4.05213,0.380945
2720,t2,t10,0,0.213427,0.429624
2720,t9,t5,1.4737,4.05213,0.120799
2730,t2,t10,0,0.213427,0.429624
2730,t9,t5,1.4737,4.05213,-0.284973
2740,t2,t10,0,0.213427,0.429624
2740,t9,t5,1.48994,4.05213,-0.284973
2750,t2,t10,0,0.213427,0.429624
2750,t9,t5,1.46267,4.05213,-0.284973
2760,t2,t10,0,0.213427,0.429624
2760,t9,t5,1.46267,4.05213,-0.284973
2770,t2,t10,0,0.213427,0.429624
2770,t9,t5,1.46267,4.05213,-0.284973
2780,t2,t10,0,0.213427,0.429624
2780,t9,t5,1.46267,4.05213,0.0824496
2790,t2,t10,0,0.213427,0.429624
2790,t9,t5,1.46267,4.05213,0.0824496
2800,t2,t10,0,0.213427,0.429624
2800,t9,t5,1.46334,4.05213,0.0824496
2810,t2,t10,0,0.213427,0.429624
2820,t2,t10,0,0.213427,0.429624
2830,t2,t10,0,0.284629,0.429624
2840,t2,t10,0,0.284629,0.429624
2850,t2,t10,0,0.284629,0.429624
2860,t2,t10,0,0.284629,0.429624
2870,t2,t10,0,0.367644,0.429624
2880,t2,t10,0,0.367644,0.429624
2890,t2,t10,0,0.367644,0.429624
2900,t2,t10,0,0.367644,0.429624
2910,t2,t10,0,0.36211,0.429624
2920,t2,t10,0,0.36211,0.429624
2930,t2,t10,0,0.382304,0.429624
2940,t2,t10,0,0.382304,0.429624
2950,t2,t10,0,0.382304,0.429624
2960,t2,t10,0,0.382304,0.429624
2970,t2,t10,0,0.382304,0.429624
2980,t2,t10,0,0.382304,0.429624
2990,t2,t10,0,0.382304,0.429624
3000,t2,t10,0,1.27909,0.169954
3010,t2,t10,0,1.27909,0.169954
3020,t2,t10,0,1.35655,0.169954
3020,t2,t3,1.76903,1.53477,0.266904
3030,t2,t10,0,1.35655,0.169954
3030,t2,t3,1.7892,1.53477,0.266904
3040,t2,t10,0,1.35655,0.169954
3040,t2,t3,1.7892,1.12791,0.266904
3050,t2,t10,0,1.35163,0.169954
3050,t2,t3,1.76583,1.12791,0.266904
3060,t2,t10,0,1.35163,0.169954
3060,t2,t3,1.76583,1.12791,0.266904
3070,t2,t10,0,0.949043,0.169954
3070,t2,t3,1.76583,2.37382,0.266904
3080,t2,t10,0,0.949043,0.169954
3080,t2,t3,1.76583,2.37382,0.266904
3090,t2,t10,0,0.949043,0.169954
3100,t2,t10,0,0.949043,0.169954
3110,t2,t10,0,0.949043,0.102699
3120,t2,t10,0,0.949043,0.102699
3130,t2,t10,0,0.949043,0.102699
3140,t2,t10,0,0.949043,0.102699
3150,t2,t10,0,0.922349,0.102699
3160,t2,t10,0,0.922349,0.102699
3170,t2,t10,0,0.922349,0.102699
3180,t2,t10,0,1.43717,0.102699
3190,t2,t10,0,1.43717,0.102699
3200,t2,t10,0,1.43717,0.102699
3210,t2,t10,0,0.894498,0.102699
3220,t2,t10,0,0.894498,0.102699
3230,t2,t10,0,0.894498,0.102699
3240,t2,t10,0,0.894498,0.102699
3250,t2,t10,0,0.894498,0.102699
3260,t2,t10,0,1.12096,0.102699
3270,t2,t10,0,1.12096,0.102699
3280,t2,t10,0,1.12096,0.102699
3290,t2,t10,0,1.12096,0.102699
3290,t1,NA,1.18656,2.43626,0.43884
3300,t2,t10,0,1.12096,0.102699
3300,t1,NA,1.18656,2.43626,0.43884
3310,t2,t10,0,1.12096,0.102699
3310,t1,NA,1.28195,2.43626,0.43884
3320,t2,t10,0,1.12096,0.102699
3320,t1,NA,1.98936,2.43626,0.43884
3330,t2,t10,0,1.4428,0.102699
3330,t1,NA,1.98936,2.43626,0.43884
3340,t2,t10,0,1.4428,0.102699
3340,t1,NA,1.98936,2.43626,-0.294451
3350,t2,t10,0,0.974622,0.102699
3360,t2,t10,0,0.974622,0.102699
3370,t2,t10,0,0.974622,0.102699
3380,t2,t10,0,0.977993,0.102699
3390,t2,t10,0,0.977993,0.102699
3400,t2,t10,0,0.977993,0.102699
3410,t2,t10,0,0.977993,0.102699
3420,t2,t10,0,1.09329,0.102699
3430,t2,t10,0,1.09329,0.102699
3440,t2,t10,0,1.09329,0.102699
3450,t2,t10,0,1.08677,0.102699
3460,t2,t10,0,1.0907,0.102699
3460,t2,t3,1.52961,1.87439,-0.312314
3470,t2,t10,0,1.0907,0.102699
3470,t2,t3,1.52924,1.87439,-0.00318717
3480,t2,t10,0,1.0907,0.102699
3480,t2,t3,1.52924,1.87439,-0.00318717
3490,t2,t10,0,1.0907,0.102699
3490,t2,t3,1.52924,1.87439,-0.00318717
3500,t2,t10,0,1.0907,0.102699
3500,t2,t3,1.52924,1.87439,-0.00318717
3510,t2,t10,0,1.0907,0.102699
3510,t2,t3,1.51232,1.87439,-0.00318717
3520,t2,t10,0,1.0907,0.102699
3520,t2,t3,1.51232,1.87439,-0.00318717
3530,t2,t10,0,1.0907,0.102699
3530,t2,t3,1.51232,1.87439,-0.00318717
3540,t2,t10,0,1.0907,0.102699
3550,t2,t10,0,1.0907,0.102699
3550,t3,t8,2.16875,1.00083,-0.0615293
3560,t2,t10,0,1.0907,0.102699
3560,t3,t8,2.16875,1.00083,-0.0615293
3570,t2,t10,0,1.0907,0.102699
3570,t3,t8,2.16875,1.00083,-0.0615293
3580,t2,t10,0,1.0907,0.102699
3580,t3,t8,2.16875,1.00083,-0.0615293
3590,t2,t10,0,1.0907,0.102699
3590,t3,t8,2.16875,1.00083,-0.0615293
3600,t2,t10,0,1.0907,0.102699
3600,t3,t8,2.16875,1.00083,-0.0615293
3610,t2,t10,0,1.0907,0.102699
3620,t2,t10,0,1.0907,0.102699
3630,t2,t10,0,1.0907,0.102699
3640,t2,t10,0,1.0907,0.102699
3650,t2,t10,0,1.0907,0.102699
3660,t2,t10,0,1.0907,0.102699
3670,t2,t10,0,1.0907,-0.00734408
3680,t2,t10,0,1.0907,-0.00734408
3680,t9,NA,2.71693,10.1153,-0.0620676
3690,t2,t10,0,1.0907,-0.00734408
3690,t10,NA,1.29503,4.51574,-0.157473
3700,t2,t10,0,1.0907,-0.00734408
3710,t2,t10,0,1.0907,-0.00734408
3720,t2,t10,0,1.0907,-0.00734408
3730,t2,t10,0,1.0907,-0.00734408
3740,t2,t10,0,1.0907,-0.00734408
3750,t2,t10,0,1.0907,-0.00734408
3760,t2,t10,0,1.0907,-0.00734408
3770,t2,t10,0,1.0907,-0.124655
3780,t2,t10,0,1.0907,-0.124655
3790,t2,t10,0,1.0907,-0.124655
3800,t2,t10,0,1.34612,-0.124655
3810,t2,t10,0,1.34612,-0.124655
3820,t2,t10,0,1.34612,-0.124655
3830,t2,t10,0,1.34612,-0.124655
3840,t2,t10,0,1.34612,-0.00611402
3840,t10,NA,1.26198,3.27571,0.154952
3850,t2,t10,0,1.34612,-0.00611402
3850,t10,NA,1.34865,3.27571,0.154952
3860,t2,t10,0,1.34612,-0.00611402
3870,t2,t10,0,1.34612,-0.00611402
3880,t2,t10,0,1.11691,-0.00611402
3890,t2,t10,0,1.11691,-0.00611402
3900,t2,t10,0,1.40494,-0.172607
3910,t2,t10,0,1.40494,-0.172607
3920,t2,t10,0,1.40494,-0.172607
3930,t2,t10,0,1.40494,-0.172607
3940,t2,t10,0,1.40494,-0.172607
3950,t2,t10,0,1.40494,-0.172607
3960,t2,t10,0,1.40494,-0.172607
3970,t2,t10,0,1.10407,-0.172607
3980,t2,t10,0,1.10407,-0.172607
3990,t2,t10,0,1.10407,-0.172607
4000,t2,t10,0,1.09796,0.0472468
4010,t2,t10,0,0.898536,0.0472468
4020,t2,t10,0,0.898536,0.0472468
4030,t2,t10,0,0.898536,0.0472468
4040,t2,t10,0,0.898536,0.0472468
4050,t2,t10,0,0.657738,0.0472468
4060,t2,t10,0,0.841281,0.0472468
4070,t2,t10,0,0.841281,0.0472468
4080,t2,t10,0,1.20385,0.0472468
4090,t2,t10,0,1.20385,0.0472468
4100,t2,t10,0,1.20385,0.0472468
4110,t2,t10,0,1.23431,0.0472468
4120,t2,t10,0,1.23431,0.0472468
4130,t2,t10,0,1.62593,0.0472468
4140,t2,t10,0,1.62593,0.0472468
4150,t2,t10,0,1.62593,0.0472468
4160,t2,t10,0,1.62593,0.0472468
4170,t2,t10,0,1.01687,0.0472468
4180,t2,t10,0,1.28629,0.0472468
4190,t2,t10,0,1.28629,0.0472468
4190,t10,NA,0.153535,5.59008,0.172683
4200,t2,t10,0,1.28629,0.0472468
4200,t10,NA,0.153535,5.59008,0.172683
4210,t2,t10,0,1.28629,0.0472468
4210,t10,NA,0.153535,5.59008,0.172683
4220,t2,t10,0,1.28629,0.0472468
4220,t10,NA,0.153535,5.59008,0.172683
4230,t2,t10,0,1.28629,0.0472468
4230,t10,NA,0.135294,5.59008,0.172683
4240,t2,t10,0,1.28629,-0.0483786
4240,t10,NA,0.135294,5.59008,0.172683
4250,t2,t10,0,1.28629,-0.0483786
4250,t10,NA,0.135294,5.59008,-0.372439
4260,t2,t10,0,1.28629,-0.0483786
4260,t10,NA,0.135294,5.59008,-0.372439
4270,t2,t10,0,1.28629,-0.0483786
4270,t10,NA,0.135294,5.80207,-0.372439
4280,t2,t10,0,1.80768,-0.0483786
4280,t10,NA,0.135294,5.80207,-0.372439
4290,t2,t10,0,1.80768,-0.0483786
4290,t10,NA,0.135294,6.75712,-0.372439
4300,t2,t10,0,2.00654,-0.0483786
4310,t2,t10,0,2.00654,-0.0483786
4320,t2,t10,0,2.00654,-0.0483786
4320,t9,NA,2.25609,8.25123,-0.457106
4330,t2,t10,0,2.00654,-0.0483786
4330,t9,NA,2.21228,6.61508,-0.457106
4340,t2,t10,0,2.00654,-0.0483786
4350,t2,t10,0,2.00654,-0.0483786
4360,t2,t10,0,2.00654,-0.0853513
4370,t2,t10,0,1.22232,-0.0853513
4380,t2,t10,0,1.22232,-0.0853513
4390,t2,t10,0,1.22232,-0.0853513
4400,t2,t10,0,1.257,-0.0853513
4410,t2,t10,0,1.257,-0.0853513
4420,t2,t10,0,1.257,-0.0853513
4430,t2,t10,0,1.257,-0.0643267
4440,t2,t10,0,1.08538,-0.0643267
4440,t6,NA,3.35376,0.0961403,0.100905
4450,t2,t10,0,1.08538,-0.0643267
4450,t6,NA,3.35376,0.0961403,0.100905
4460,t2,t10,0,1.08538,-0.0643267
4460,t6,NA,3.35376,0.0961403,0.100905
4470,t2,t10,0,1.08538,-0.0643267
4470,t6,NA,3.35376,0.155038,0.100905
4470,t1,NA,1.95418,2.45901,0.227225
4480,t2,t10,0,1.08538,-0.0643267
4480,t6,NA,3.35376,0.155038,0.100905
4480,t10,NA,0.218152,2.45901,0.227225
4490,t2,t10,0,1.08538,-0.0643267
4490,t6,NA,3.35376,0.155038,0.100905
4490,t10,NA,0.218152,2.32848,0.227225
4500,t2,t10,0,1.08538,-0.0643267
4500,t6,NA,3.35376,0.155038,-0.52676
4500,t10,NA,0.218152,2.32848,0.227225
4510,t2,t10,0,1.08538,-0.0643267
4510,t6,NA,3.35376,0.164863,-0.52676
4520,t2,t10,0,1.08538,-0.0643267
4520,t6,NA,3.35376,0.164863,-0.52676
4530,t2,t10,0,1.08538,-0.0643267
4530,t6,NA,3.35376,0.164863,-0.52676
4540,t2,t10,0,1.08538,-0.0643267
4540,t6,NA,3.35376,0.164863,-0.52676
4550,t2,t10,0,1.08538,-0.0643267
4550,t6,NA,3.35376,0.164863,-0.52676
4560,t2,t10,0,1.08538,-0.0643267
4560,t6,NA,3.35376,0.155062,-0.52676
4570,t2,t10,0,1.08538,-0.0643267
4570,t6,NA,3.3942,0.155062,-0.52676
4580,t2,t10,0,1.08538,-0.0643267
4580,t6,NA,3.3942,0.155062,-0.52676
4590,t2,t10,0,1.08538,-0.0643267
4590,t6,NA,3.31292,0.155062,-0.52676
4600,t2,t10,0,1.08538,-0.0643267
4600,t6,NA,3.31292,0.155062,-0.52676
4610,t2,t10,0,1.08538,-0.0643267
4610,t6,NA,3.31292,0.155062,-0.52676
4620,t2,t10,0,1.08538,-0.0643267
4620,t6,NA,3.31292,0.155062,-0.52676
4630,t2,t10,0,1.08538,-0.0643267
4630,t6,NA,3.31292,0.155062,-0.52676
4640,t2,t10,0,1.08538,-0.0643267
4640,t6,NA,3.31292,0.182823,-0.52676
4650,t2,t10,0,1.08538,-0.0643267
4650,t6,NA,3.27883,0.182823,-0.52676
4660,t2,t10,0,1.08538,-0.0643267
4660,t6,NA,3.27883,0.182823,-0.52676
4670,t2,t10,0,1.08538,-0.0643267
4670,t6,NA,3.27883,0.182823,-0.52676
4680,t2,t10,0,1.08538,-0.0467287
4680,t6,NA,3.24541,0.182823,-0.52676
4690,t2,t10,0,1.08538,-0.0467287
4700,t2,t10,0,1.08538,-0.0467287
4710,t2,t10,0,1.08538,-0.0467287
4720,t2,t10,0,0.947534,-0.0467287
4730,t2,t10,0,0.947534,-0.0467287
4740,t2,t10,0,0.947534,-0.0467287
4750,t2,t10,0,0.947534,-0.0467287
4760,t2,t10,0,0.925036,-0.0467287
4770,t2,t10,0,0.588601,0.435356
4780,t2,t10,0,0.588601,0.435356
4790,t2,t10,0,0.520914,0.435356
4800,t2,t10,0,0.520914,0.435356
4810,t2,t10,0,0.520914,0.435356
4820,t2,t10,0,0.589454,0.435356
4830,t2,t10,0,0.589454,0.512242
4840,t2,t10,0,0.787705,0.512242
4850,t2,t10,0,0.794895,0.512242
4850,t5,t7,2.65225,9.93008,-0.0174349
4860,t2,t10,0,0.794895,0.512242
4870,t2,t10,0,0.94884,0.512242
4880,t2,t10,0,0.94884,0.512242
4890,t2,t10,0,0.94884,0.512242
4900,t2,t10,0,0.94884,0.404825
4910,t2,t10,0,0.94884,0.404825
4920,t2,t10,0,1.16762,0.404825
4930,t2,t10,0,1.16762,0.404825
4940,t2,t10,0,1.17055,0.153894
4950,t2,t10,0,1.17876,0.153894
4960,t2,t10,0,1.17876,0.153894
4970,t2,t10,0,1.17876,0.153894
4980,t2,t10,0,1.17876,0.153894
4990,t2,t10,0,1.17876,0.153894
5000,t2,t10,0,1.98308,-0.233514
5010,t2,t10,0,1.98308,-0.233514
5020,t2,t10,0,1.98308,-0.233514
5030,t2,t10,0,1.98308,-0.233514
5040,t2,t10,0,1.98308,-0.233514
5050,t2,t10,0,3.13164,-0.233514
5060,t2,t10,0,3.13164,-0.233514
5070,t2,t10,0,2.79475,-0.233514
5080,t2,t10,0,2.79475,-0.359594
5090,t2,t10,0,1.93896,-0.359594
5100,t2,t10,0,1.93896,-0.359594
5110,t2,t10,0,1.93896,-0.359594
5110,t3,t8,2.48298,2.30059,-0.150976
5120,t2,t10,0,1.93896,-0.359594
5120,t3,t8,2.48298,1.55823,-0.150976
5130,t2,t10,0,1.72871,-0.359594
5140,t2,t10,0,1.72871,-0.359594
5150,t2,t10,0,1.72871,-0.359594
5160,t2,t10,0,1.72871,-0.359594
5170,t2,t10,0,1.72871,-0.359594
5180,t2,t10,0,2.25554,-0.359594
5190,t2,t10,0,2.25554,0.0172883
5200,t2,t10,0,2.25554,0.0172883
5210,t2,t10,0,2.25554,0.0172883
5220,t2,t10,0,2.25554,0.0172883
5230,t2,t10,0,1.45909,0.0172883
5240,t2,t10,0,1.45909,0.0172883
5250,t2,t10,0,1.16198,0.0172883
5260,t2,t10,0,1.16198,0.0172883
5270,t2,t10,0,1.16198,0.0172883
5270,t10,NA,0.749118,7.23565,-0.0645096
5280,t2,t10,0,0.960723,0.0172883
5280,t10,NA,0.749118,7.23565,-0.0645096
5290,t2,t10,0,0.960723,0.0172883
5300,t2,t10,0,0.960723,0.0172883
5310,t2,t10,0,1.48574,0.0172883
5320,t2,t10,0,1.48574,-0.226898
5330,t2,t10,0,1.48574,-0.226898
5340,t2,t10,0,1.51509,-0.226898
5350,t2,t10,0,1.51509,-0.226898
5360,t2,t10,0,1.51509,-0.226898
5370,t2,t10,0,1.51509,-0.226898
5380,t2,t10,0,1.2545,-0.226898
5390,t2,t10,0,1.2545,-0.226898
5400,t2,t10,0,1.2545,-0.226898
5410,t2,t10,0,1.2545,-0.226898
5420,t2,t10,0,1.2545,-0.226898
5430,t2,t10,0,1.2545,-0.226898
5440,t2,t10,0,1.26319,-0.226898
5450,t2,t10,0,1.26319,-0.226898
5460,t2,t10,0,1.88647,-0.226898
5470,t2,t10,0,1.88647,-0.226898
5480,t2,t10,0,1.88647,-0.226898
5490,t2,t10,0,1.88647,-0.226898
5500,t2,t10,0,1.85486,-0.226898
5510,t2,t10,0,1.85486,-0.226898
5520,t2,t10,0,1.85486,-0.226898
5530,t2,t10,0,1.85486,-0.226898
5540,t2,t10,0,1.85486,-0.226898
5550,t2,t10,0,1.85486,-0.226898
5560,t2,t10,0,2.79573,-0.226898
5570,t2,t10,0,2.79573,-0.330987
5580,t2,t10,0,2.79573,-0.330987
5590,t2,t10,0,2.79573,-0.330987
5600,t2,t10,0,2.79573,-0.330987
5610,t2,t10,0,2.79573,-0.330987
5620,t2,t10,0,2.79573,-0.330987
5630,t2,t10,0,2.8216,-0.330987
5640,t2,t10,0,2.8216,-0.330987
5640,t10,NA,1.51234,5.26189,0.364625
5650,t2,t10,0,2.8216,-0.330987
5650,t10,NA,1.51234,7.81149,0.364625
5660,t2,t10,0,2.8216,-0.330987
5660,t10,NA,1.51234,7.81149,0.364625
5670,t2,t10,0,2.8216,-0.330987
5670,t10,NA,1.51234,7.81149,0.364625
5680,t2,t10,0,2.8216,-0.330987
5690,t2,t10,0,2.8216,-0.354588
5700,t2,t10,0,2.8216,-0.484986
5710,t2,t10,0,2.8216,-0.484986
5720,t2,t10,0,2.8216,-0.484986
5730,t2,t10,0,2.8216,-0.484986
5740,t2,t10,0,2.8216,-0.484986
5750,t2,t10,0,2.8216,-0.484986
5760,t2,t10,0,2.45163,-0.484986
5770,t2,t10,0,2.45163,-0.484986
5780,t2,t10,0,2.45163,-0.484986
5790,t2,t10,0,2.45163,-0.484986
5800,t2,t10,0,2.45163,-0.484986
5810,t2,t10,0,2.45163,-0.484986
5820,t2,t10,0,2.45163,-0.484986
5830,t2,t10,0,2.45163,-0.484986
5840,t2,t10,0,2.45163,-0.484986
5850,t2,t10,0,2.45163,-0.503717
5860,t2,t10,0,2.45163,-0.503717
5870,t2,t10,0,2.45163,-0.363739
5880,t2,t10,0,2.45163,-0.363739
5890,t2,t10,0,2.45163,-0.363739
5900,t2,t10,0,2.45163,-0.363739
5910,t2,t10,0,2.45163,-0.363739
5920,t2,t10,0,2.12786,-0.363739
5930,t2,t10,0,2.12786,-0.363739
5940,t2,t10,0,3.34806,-0.363739
5950,t2,t10,0,3.34806,-0.250998
5960,t2,t10,0,3.34806,-0.250998
5970,t2,t10,0,3.34806,-0.250998
5980,t2,t10,0,3.12937,-0.250998
5990,t2,t10,0,3.12937,-0.250998
5990,t3,NA,2.84016,1.50784,0.0459138
6000,t2,t10,0,1.39383,0.134874
6000,t1,NA,1.85857,1.50784,0.0459138
6010,t2,t10,0,1.39383,0.134874
6010,t1,NA,1.85857,1.50784,0.0459138
6020,t2,t10,0,1.39383,0.134874
6020,t1,NA,1.85857,1.50784,0.0459138
6030,t2,t10,0,1.39383,0.134874
6040,t2,t10,0,1.39383,0.134874
6040,t5,t7,2.17702,2.11616,0.169066
6050,t2,t10,0,1.39383,0.134874
6060,t2,t10,0,1.39383,0.134874
6070,t2,t10,0,1.39383,0.00224367
6080,t2,t10,0,1.39383,0.00224367
6090,t2,t10,0,1.24894,0.00224367
6100,t2,t10,0,1.16302,0.00224367
6110,t2,t10,0,1.16302,0.00224367
6120,t2,t10,0,1.12875,0.00224367
6130,t2,t10,0,1.12875,0.00224367
6140,t2,t10,0,1.12875,0.00224367
6150,t2,t10,0,1.12875,0.00224367
6160,t2,t10,0,1.12875,0.00224367
6170,t2,t10,0,1.12875,0.00224367
6180,t2,t10,0,1.12875,0.00224367
6190,t2,t10,0,1.12875,0.00224367
6200,t2,t10,0,1.16377,0.00224367
6210,t2,t10,0,1.16377,0.00224367
6220,t2,t10,0,1.16377,0.00224367
6230,t2,t10,0,1.16377,0.00224367
6240,t2,t10,0,1.16377,0.00224367
6250,t2,t10,0,1.16377,0.00224367
6260,t2,t10,0,1.16377,0.00224367
6270,t2,t10,0,1.16377,0.00224367
6280,t2,t10,0,1.01415,0.00224367
6290,t2,t10,0,1.01415,0.00224367
6300,t2,t10,0,1.01415,0.00224367
6310,t2,t10,0,0.827406,0.00224367
6320,t2,t10,0,0.827406,0.00224367
6330,t2,t10,0,0.827406,0.00224367
6340,t2,t10,0,0.827406,0.00224367
6350,t2,t10,0,0.976085,0.00224367
6360,t2,t10,0,0.976085,0.00224367
6370,t2,t10,0,0.976085,0.00224367
6380,t2,t10,0,0.679081,0.00224367
6390,t2,t10,0,0.679081,0.00224367
6400,t2,t10,0,0.679081,0.00224367
6410,t2,t10,0,0.679081,0.00224367
6420,t2,t10,0,0.51119,0.135059
6430,t2,t10,0,0.51119,0.135059
6440,t2,t10,0,0.468022,0.135059
6450,t2,t10,0,0.452864,0.135059
6460,t2,t10,0,0.452864,0.135059
6470,t2,t10,0,0.500243,0.135059
6480,t2,t10,0,0.500243,0.135059
6490,t2,t10,0,0.500243,0.135059
6500,t2,t10,0,0.61995,0.135059
6500,t2,t1,0.136561,0.918312,-0.0691019
6510,t2,t10,0,0.61995,0.135059
6510,t2,t1,0.0632696,0.918312,-0.0691019
6520,t2,t10,0,0.61995,0.135059
6520,t2,t1,0.0632696,0.918312,-0.0691019
6530,t2,t10,0,0.61995,0.135059
6530,t2,t1,0.0590687,0.918312,-0.0691019
6540,t2,t10,0,0.61995,0.135059
6540,t2,t1,0.0590687,0.718919,-0.0691019
6550,t2,t10,0,0.531693,-0.286116
6550,t2,t1,0.115971,0.718919,-0.0691019
6560,t2,t10,0,0.531693,-0.286116
6560,t2,t1,0.115971,0.718919,-0.0691019
6570,t2,t10,0,0.531693,-0.286116
6570,t2,t9,1.03587,0.718919,-0.0691019
6570,t10,NA,2.23322,17.2002,0.716723
6580,t2,t10,0,0.531693,-0.286116
6580,t2,t9,1.03587,0.718919,-0.0691019
6580,t10,NA,2.23322,17.2002,0.716723
6590,t2,t10,0,0.531693,-0.286116
6590,t2,t9,1.03587,0.718919,-0.0691019
6590,t10,NA,2.23322,17.2002,0.716723
6600,t2,t10,0,0.531693,-0.286116
6600,t2,t9,1.03587,0.718919,-0.0691019
6600,t10,NA,2.23322,17.2002,0.716723
6600,t10,NA,2.82311,11.9407,0.250452
6610,t2,t10,0,0.531693,-0.286116
6610,t2,t9,1.03587,0.718919,-0.0691019
6610,t10,NA,2.23322,17.2002,0.716723
6610,t10,NA,2.82311,11.9407,0.250452
6620,t2,t10,0,0.531693,-0.286116
6620,t2,t9,1.03587,0.718919,-0.0691019
6620,t10,NA,2.23322,17.2002,0.716723
6620,t10,NA,2.82311,11.9407,0.250452
6630,t2,t10,0,0.531693,-0.286116
6630,t2,t9,1.03587,0.718919,-0.0691019
6630,t10,NA,2.23322,17.2002,0.716723
6630,t10,NA,2.82311,11.9407,0.250452
6640,t2,t10,0,0.531693,-0.286116
6640,t2,t9,1.03587,0.718919,-0.0691019
6640,t10,NA,2.23322,17.2002,0.716723
6640,t10,NA,2.82311,10.9183,0.250452
6650,t2,t10,0,0.729797,-0.286116
6650,t2,t9,1.03587,0.718919,-0.0691019
6650,t10,NA,2.14667,17.2002,0.716723
6660,t2,t10,0,0.729797,-0.286116
6660,t2,t9,1.03587,0.718919,-0.0691019
6660,t10,NA,2.14667,17.2002,0.716723
6670,t2,t10,0,0.729797,-0.286116
6670,t2,t9,1.03587,0.718919,-0.0691019
6670,t10,NA,2.14667,17.2002,0.716723
6680,t2,t10,0,0.729797,-0.286116
6680,t2,t9,1.03587,0.718919,-0.0691019
6680,t10,NA,2.14667,17.2002,0.716723
6690,t2,t10,0,0.729797,-0.286116
6690,t2,t9,1.03587,0.718919,-0.0691019
6690,t10,NA,2.14667,17.2002,0.716723
6700,t2,t10,0,0.729797,-0.286116
6700,t2,t9,1.03587,0.718919,-0.0691019
6700,t10,NA,2.14667,17.2002,0.716723
6710,t2,t10,0,0.729797,-0.286116
6710,t2,t9,1.03587,0.718919,-0.0691019
6710,t10,NA,2.14667,17.2002,0.716723
6720,t2,t10,0,1.01202,-0.286116
6720,t2,t9,1.03587,0.718919,-0.0691019
6730,t2,t10,0,1.01202,-0.286116
6730,t2,t9,0.963133,0.718919,-0.0691019
6740,t2,t10,0,1.01202,-0.286116
6740,t2,t9,1.03615,0.718919,-0.0691019
6750,t2,t10,0,1.01202,-0.286116
6750,t2,t9,1.03615,0.718919,-0.0691019
6760,t2,t10,0,1.01202,-0.286116
6760,t2,t9,1.03615,0.718919,-0.0691019
6770,t2,t10,0,1.01202,-0.0448292
6770,t2,t9,1.03615,0.718919,-0.0691019
6780,t2,t10,0,1.01202,-0.0448292
6780,t2,t9,1.03615,0.718919,-0.0691019
6790,t2,t10,0,1.01202,-0.0448292
6790,t2,t9,1.03615,0.669458,-0.0691019
6800,t2,t10,0,1.01202,-0.0448292
6800,t2,t9,1.03615,0.669458,-0.0691019
6810,t2,t10,0,1.1979,-0.0448292
6810,t2,t9,1.0191,0.669458,-0.0691019
6820,t2,t10,0,2.68034,-0.0448292
6820,t2,t9,1.0191,0.669458,-0.0691019
6830,t2,t10,0,2.68034,-0.0448292
6830,t2,t9,1.0191,0.669458,-0.0691019
6840,t2,t10,0,2.68034,-0.616158
6840,t2,t9,1.0191,0.669458,-0.0691019
6850,t2,t10,0,2.68034,-0.616158
6850,t2,t9,1.0191,0.817059,-0.0691019
6860,t2,t10,0,2.68034,-0.616158
6860,t6,t4,3.21253,1.3168,0.298076
6860,t2,t9,1.0191,0.817059,-0.0691019
6870,t2,t10,0,2.68034,-0.616158
6870,t6,t4,3.21253,1.3168,0.298076
6870,t2,t9,1.0191,0.817059,-0.0691019
6880,t2,t10,0,2.68034,-0.616158
6880,t6,t4,3.21253,1.3168,0.298076
6880,t2,t9,1.0191,0.94014,-0.0691019
6890,t2,t10,0,2.68034,-0.616158
6890,t6,t4,3.21253,1.12376,0.298076
6890,t2,t9,1.0191,0.94014,-0.0691019
6900,t2,t10,0,2.68034,-0.616158
6900,t6,t4,3.21253,1.12376,0.298076
6900,t2,t9,0.980652,0.94014,-0.0691019
6910,t2,t10,0,2.68034,-0.616158
6910,t6,t4,3.17521,1.12376,0.298076
6910,t2,t9,1.00763,0.94014,-0.0691019
6920,t2,t10,0,2.68034,-0.515118
6920,t6,t4,3.17521,1.12376,0.298076
6920,t2,t9,1.00763,0.94014,-0.0691019
6930,t2,t10,0,2.68034,-0.515118
6930,t6,t4,3.17521,1.12376,0.298076
6930,t2,t9,1.05837,0.94014,-0.0691019
6930,t10,NA,1.11114,2.49886,0.321128
6940,t2,t10,0,2.68034,-0.515118
6940,t6,t4,3.17521,1.12376,0.298076
6940,t2,t9,1.0726,0.94014,-0.0691019
6940,t10,NA,1.11114,2.49886,0.321128
6950,t2,t10,0,2.68034,-0.515118
6950,t6,t4,3.17521,1.12376,0.298076
6950,t2,t9,1.0726,0.94014,-0.0691019
6950,t10,NA,1.11114,2.49886,0.321128
6960,t2,t10,0,1.94287,-0.515118
6960,t6,t4,3.17521,0.752579,0.298076
6960,t2,t9,1.0726,0.94014,-0.0691019
6960,t10,NA,1.11114,2.49886,0.321128
6970,t2,t10,0,1.94287,-0.515118
6970,t6,t4,3.17521,0.752579,0.298076
6970,t2,t9,1.0726,0.94014,-0.0691019
6970,t10,NA,1.1649,3.91772,0.321128
6980,t2,t10,0,1.94287,-0.515118
6980,t6,t4,3.14883,0.691407,0.298076
6980,t2,t9,1.0726,0.94014,-0.0691019
6980,t10,NA,1.1649,3.91772,0.321128
6990,t2,t10,0,1.94287,-0.515118
6990,t6,t4,3.14883,0.691407,0.298076
6990,t2,t9,1.0726,0.94014,-0.0691019
6990,t10,NA,1.1649,3.91772,0.321128
7000,t2,t10,0,3.6349,-0.246145
7000,t4,NA,3.37956,3.25619,0.0220855
7000,t6,NA,3.27451,1.29304,-0.405126
7000,t10,NA,2.80781,22.5544,0.0229947
7010,t2,t10,0,3.6349,-0.246145
7010,t4,NA,3.37956,3.25619,0.0220855
7010,t6,NA,3.27451,1.29304,-0.405126
7010,t10,NA,2.80781,22.5544,0.0229947
7020,t2,t10,0,3.6349,-0.246145
7020,t4,NA,3.37956,3.25619,0.0220855
7020,t6,NA,3.27451,1.29304,-0.405126
7020,t10,NA,2.80781,22.5544,0.0229947
7030,t2,t10,0,3.6349,-0.246145
7030,t4,NA,3.37956,3.25619,0.0220855
7030,t6,NA,3.27451,1.04966,-0.405126
7030,t10,NA,2.80781,22.5544,0.0229947
7040,t2,t10,0,3.6349,-0.246145
7040,t4,NA,3.37956,3.25619,0.0220855
7040,t6,NA,3.27451,1.04966,-0.405126
7040,t10,NA,2.84189,22.5544,0.0229947
7050,t2,t10,0,3.6349,-0.246145
7050,t4,NA,3.37956,3.25619,0.0220855
7050,t6,NA,3.29016,1.04966,-0.405126
7050,t10,NA,2.84189,22.5544,0.0229947
7060,t2,t10,0,3.6349,-0.246145
7060,t4,NA,3.37956,3.25619,0.0220855
7060,t6,NA,3.29016,1.04966,-0.405126
7060,t10,NA,2.84189,13.9568,0.0229947
7070,t2,t10,0,3.6349,-0.246145
7070,t4,NA,3.37956,3.25619,0.0220855
7070,t6,NA,3.29016,1.04966,-0.405126
7070,t10,NA,2.85014,13.9568,0.0229947
7080,t2,t10,0,3.6349,-0.246145
7080,t4,NA,3.37956,3.25619,0.0220855
7080,t6,NA,3.29016,1.04966,-0.405126
7080,t10,NA,2.85014,13.9568,0.0229947
7090,t2,t10,0,3.6349,-0.246145
7090,t4,NA,3.37956,3.25619,0.0220855
7090,t6,NA,3.29016,1.04966,-0.405126
7090,t10,NA,2.85014,13.9568,0.0229947
7100,t2,t10,0,3.6349,-0.246145
7100,t4,NA,3.37956,3.25619,0.0220855
7100,t6,NA,3.29016,1.04966,-0.405126
7100,t10,NA,2.85014,13.9568,0.0229947
7110,t2,t10,0,3.6349,-0.246145
7110,t4,NA,3.37956,3.25619,0.0220855
7110,t6,NA,3.29016,1.04966,-0.405126
7110,t10,NA,2.85014,13.9568,0.0229947
7120,t2,t10,0,3.6349,-0.246145
7120,t4,NA,3.37956,3.25619,0.0220855
7120,t6,NA,3.29016,1.04966,-0.405126
7120,t10,NA,2.92202,13.9568,0.0229947
7130,t2,t10,0,3.6349,-0.246145
7130,t4,NA,3.32023,3.25619,0.0220855
7130,t6,NA,3.29016,1.04966,-0.405126
7130,t10,NA,2.92202,8.65456,0.0229947
7140,t2,t10,0,3.6349,-0.246145
7140,t4,NA,3.32023,3.25619,0.0220855
7140,t6,NA,3.29016,1.04966,-0.405126
7140,t10,NA,2.92202,9.01759,0.0229947
7150,t2,t10,0,3.6349,-0.246145
7150,t4,NA,3.33176,3.25619,0.0220855
7150,t6,NA,3.29016,1.04966,-0.405126
7150,t10,NA,2.84742,9.01759,0.0229947
7160,t2,t10,0,4.54858,-0.246145
7160,t4,NA,3.33176,3.25619,0.0220855
7160,t6,NA,3.29016,1.04966,-0.405126
7160,t10,NA,2.84742,9.01759,0.0229947
7170,t2,t10,0,4.54858,-0.246145
7170,t4,NA,3.33176,3.25619,0.0220855
7170,t6,NA,3.29016,1.04966,-0.405126
7180,t2,t10,0,4.54858,-0.246145
7180,t4,NA,3.33176,3.25619,0.0220855
7180,t6,NA,3.29016,0.975031,-0.405126
7190,t2,t10,0,4.42858,-0.246145
7190,t4,NA,3.33176,3.25619,0.0220855
7190,t6,NA,3.29016,0.975031,-0.405126
7200,t2,t10,0,4.42858,-0.246145
7200,t4,NA,3.33176,3.55747,0.0220855
7200,t6,NA,3.35724,0.975031,-0.405126
7210,t2,t10,0,4.42858,-0.246145
7210,t4,NA,3.33176,3.55747,0.0220855
7210,t6,NA,3.35724,0.975031,0.0203475
7220,t2,t10,0,4.42858,-0.246145
7220,t4,NA,3.33176,3.55747,0.0220855
7220,t6,NA,3.35724,0.975031,0.0203475
7230,t2,t10,0,4.42858,-0.246145
7230,t4,NA,3.33684,3.55747,0.0220855
7230,t6,NA,3.35724,0.975031,0.0203475
7230,t1,NA,1.73189,3.13799,0.0289528
7240,t2,t10,0,6.44707,-0.246145
7240,t4,NA,3.33684,3.55747,0.0220855
7240,t6,NA,3.35724,0.975031,0.0203475
7240,t1,NA,1.73189,3.13799,0.0289528
7250,t2,t10,0,6.44707,-0.246145
7250,t4,NA,3.33684,3.40883,0.0220855
7250,t6,NA,3.35724,0.975031,0.0203475
7250,t1,NA,1.73189,3.13799,0.0289528
7260,t2,t10,0,6.44707,-0.246145
7260,t4,NA,3.33684,3.40883,0.0220855
7260,t6,NA,3.35724,0.975031,0.0203475
7260,t1,NA,1.81134,3.13799,0.0289528
7260,t1,NA,3.04914,4.24196,-0.216504
7270,t2,t10,0,6.44707,-0.246145
7270,t4,NA,3.33684,3.40883,0.0220855
7270,t6,NA,3.35724,0.975031,0.0203475
7270,t1,NA,1.81134,3.13799,0.0289528
7270,t1,NA,3.04914,4.24196,-0.216504
7280,t2,t10,0,6.44707,-0.246145
7280,t4,NA,3.33684,3.40883,0.0220855
7280,t6,NA,3.35724,0.975031,0.0203475
7280,t1,NA,1.81134,3.80458,0.0289528
7280,t1,NA,3.04914,4.24196,-0.216504
7290,t2,t10,0,6.44707,-0.246145
7290,t4,NA,3.33684,3.40883,0.0220855
7290,t6,NA,3.35724,0.975031,-0.384439
7290,t1,NA,3.04914,4.24196,-0.216504
7300,t2,t10,0,6.44707,-0.246145
7300,t4,NA,3.33684,3.40883,0.0220855
7300,t1,NA,3.04914,4.24196,-0.216504
7310,t2,t10,0,6.44707,-0.246145
7310,t1,NA,2.99742,4.24196,-0.216504
7320,t2,t10,0,6.44707,-0.246145
7320,t6,NA,3.48375,3.39001,-0.216504
7320,t10,NA,0.523656,10.816,0.0983652
7330,t2,t10,0,6.44707,-0.246145
7330,t6,NA,3.48375,3.39001,-0.216504
7330,t10,NA,0.560009,10.816,0.0983652
7340,t2,t10,0,6.44707,-0.246145
7340,t6,NA,3.48375,3.49858,-0.216504
7340,t10,NA,0.560009,10.816,0.0983652
7350,t2,t10,0,6.44707,-0.246145
7350,t6,NA,3.48375,3.49858,-0.216504
7350,t10,NA,0.560009,7.5223,0.0983652
7360,t2,t10,0,6.44707,-0.246145
7360,t6,NA,3.48375,3.49858,-0.216504
7360,t10,NA,0.560009,7.5223,0.0983652
7370,t2,t10,0,7.23962,-0.246145
7370,t6,NA,3.48375,3.49858,-0.216504
7370,t10,NA,0.54843,7.5223,0.0983652
7380,t2,t10,0,7.23962,-0.246145
7380,t6,NA,3.48375,3.49858,-0.216504
7380,t10,NA,0.54541,7.5223,0.0983652
7390,t2,t10,0,7.23962,-0.246145
7390,t6,NA,3.49907,4.63983,-0.216504
7390,t10,NA,0.54541,7.5223,0.0983652
7400,t2,t10,0,7.23962,-0.246145
7400,t6,NA,3.49907,4.63983,-0.216504
7400,t10,NA,0.54541,9.7721,0.0983652
7410,t2,t10,0,7.23962,-0.246145
7410,t6,NA,3.49907,4.63983,-0.216504
7420,t2,t10,0,7.23962,-0.246145
7420,t3,t8,2.22675,4.63983,-0.216504
7430,t2,t10,0,7.23962,-0.246145
7430,t3,t8,2.22675,4.63983,-0.216504
7440,t2,t10,0,7.23962,-0.246145
7440,t3,t8,2.23687,4.63983,-0.216504
7450,t2,t10,0,7.23962,-0.246145
7450,t3,t8,2.26631,4.63983,0.121005
7460,t2,t10,0,7.23962,-0.246145
7460,t3,t8,2.26631,4.63983,0.121005
7470,t2,t10,0,7.23962,-0.246145
7470,t3,t8,2.313,4.63983,0.121005
7480,t2,t10,0,7.23962,-0.246145
7480,t3,t8,2.313,4.63983,0.121005
7490,t2,t10,0,7.23962,-0.31402
7490,t3,t8,2.313,4.63983,0.121005
7500,t2,t10,0,7.23962,-0.31402
7500,t3,t8,2.313,4.63983,0.121005
7510,t2,t10,0,7.23962,-0.31402
7510,t3,t8,2.313,4.63983,0.121005
7520,t2,t10,0,7.23962,-0.31402
7520,t3,t8,2.31381,4.63983,0.121005
7530,t2,t10,0,7.23962,-0.31402
7530,t3,t8,2.31381,4.63983,0.121005
7540,t2,t10,0,7.23962,-0.31402
7540,t3,t8,2.31381,4.4078,0.121005
7550,t2,t10,0,7.23962,-0.31402
7550,t3,t8,2.28637,4.4078,0.121005
7560,t2,t10,0,7.23962,-0.31402
7560,t3,t8,2.28637,3.25295,0.121005
7570,t2,t10,0,7.23962,-0.31402
7570,t3,t8,2.22821,3.25295,0.121005
7580,t2,t10,0,7.23962,-0.31402
7580,t3,t8,2.22821,3.25295,0.121005
7590,t2,t10,0,7.23962,-0.31402
7600,t2,t10,0,7.23962,-0.31402
7610,t2,t10,0,7.23962,-0.31402
7610,t9,NA,3.09176,3.10957,0.0808389
7620,t2,t10,0,7.23962,-0.542643
7620,t9,NA,3.09176,3.10957,0.0808389
7630,t2,t10,0,7.23962,-0.434272
7640,t2,t10,0,7.23962,-0.434272
7650,t2,t10,0,7.23962,-0.434272
7660,t2,t10,0,7.23962,-0.434272
7670,t2,t10,0,7.21313,-0.434272
7680,t2,t10,0,6.29141,-0.434272
7690,t2,t10,0,5.49127,-0.434272
7700,t2,t10,0,5.49127,-0.434272
7710,t2,t10,0,5.49127,-0.434272
7720,t2,t10,0,5.49127,-0.434272
7730,t2,t10,0,5.49127,-0.434272
7740,t2,t10,0,5.49127,-0.434272
7750,t2,t10,0,5.49127,-0.434272
7760,t2,t10,0,5.49127,-0.434272
7770,t2,t10,0,7.15824,-0.434272
7780,t2,t10,0,7.15824,-0.434272
7790,t2,t10,0,7.13702,-0.434272
7800,t2,t10,0,7.13702,-0.42699
7810,t2,t10,0,7.13702,-0.42699
7820,t2,t10,0,7.13702,-0.42699
7830,t2,t10,0,7.13702,-0.42699
7840,t2,t10,0,7.13702,-0.42699
7850,t2,t10,0,7.13702,-0.42699
7860,t2,t10,0,10.6009,-0.42699
7870,t2,t10,0,10.6009,-0.42699
7880,t2,t10,0,10.6009,-0.42699
7890,t2,t10,0,10.6009,-0.42699
7900,t2,t10,0,10.6009,-0.42699
7910,t2,t10,0,10.6009,-0.42699
7920,t2,t10,0,10.6009,-0.42699
7930,t2,t10,0,10.6009,-0.42699
7940,t2,t10,0,10.6009,-0.42699
7950,t2,t10,0,10.6009,-0.42699
7960,t2,t10,0,9.58094,-0.42699
7970,t2,t10,0,9.58094,-0.42699
7980,t2,t10,0,9.58094,-0.42699
7990,t2,t10,0,9.58094,-0.42699
8000,t2,t10,0,3.26797,-0.00618653
8000,t10,NA,1.65797,10.7663,0.508362
8010,t2,t10,0,3.26797,-0.00618653
8020,t2,t10,0,3.26797,-0.00618653
8030,t2,t10,0,3.26797,-0.00618653
8040,t2,t10,0,3.26797,-0.00618653
8050,t2,t10,0,3.26797,-0.00618653
8060,t2,t10,0,3.26797,-0.00618653
8070,t2,t10,0,2.38773,-0.00618653
8080,t2,t10,0,2.38773,-0.00618653
8090,t2,t10,0,2.28428,-0.00618653
8100,t2,t10,0,2.0694,-0.00618653
8110,t2,t10,0,1.84579,-0.00618653
8120,t2,t10,0,1.90651,-0.00618653
8120,t1,NA,0.786203,12.484,-0.393309
8130,t2,t10,0,1.90651,-0.00618653
8130,t1,NA,0.786203,9.51037,-0.393309
8140,t2,t10,0,1.90651,-0.00618653
8140,t1,NA,0.786203,9.51037,-0.393309
8150,t2,t10,0,1.90651,-0.00618653
8150,t1,NA,0.786203,9.51037,-0.393309
8160,t2,t10,0,1.90651,-0.00618653
8160,t1,NA,0.786203,9.51037,-0.393309
8170,t2,t10,0,1.90651,-0.00618653
8170,t1,NA,0.786203,7.59636,-0.393309
8180,t2,t10,0,1.90651,-0.00618653
8180,t1,NA,0.786203,7.05727,-0.393309
8190,t2,t10,0,1.90651,-0.00618653
8190,t1,NA,0.786203,7.05727,-0.393309
8200,t2,t10,0,1.90651,-0.00618653
8200,t1,NA,0.786203,7.05727,-0.393309
8210,t2,t10,0,1.90651,-0.00618653
8210,t1,NA,0.786203,6.07926,-0.393309
8220,t2,t10,0,1.90651,-0.00618653
8220,t1,NA,0.750759,6.07926,-0.393309
8230,t2,t10,0,1.90651,-0.00618653
8240,t2,t10,0,1.90651,0.208391
8250,t2,t10,0,1.90651,0.208391
8260,t2,t10,0,1.90651,0.208391
8270,t2,t10,0,1.90651,-0.0258849
8280,t2,t10,0,1.90651,-0.0258849
8290,t2,t10,0,1.90651,-0.0258849
8300,t2,t10,0,2.92915,-0.0258849
8310,t2,t10,0,2.92915,-0.0258849
8320,t2,t10,0,2.92915,-0.0258849
8330,t2,t10,0,2.92915,-0.0258849
8340,t2,t10,0,2.92915,-0.0258849
8350,t2,t10,0,2.92915,-0.0258849
8360,t2,t10,0,2.92915,-0.0258849
8370,t2,t10,0,2.92915,-0.0258849
8380,t2,t10,0,2.92915,-0.0258849
8390,t2,t10,0,2.92915,-0.0258849
8400,t2,t10,0,2.92915,-0.0258849
8410,t2,t10,0,2.92915,-0.0258849
8420,t2,t10,0,2.92915,-0.0258849
8420,t2,t9,1.36205,1.64398,0.1121
8430,t2,t10,0,2.92915,-0.0258849
8430,t2,t9,1.36205,1.64398,0.1121
8440,t2,t10,0,2.92915,-0.0258849
8440,t2,t9,1.28911,1.64398,0.1121
8450,t2,t10,0,2.92915,-0.0258849
8450,t2,t9,1.28911,1.64398,0.1121
8460,t2,t10,0,3.89662,-0.0258849
8460,t2,t9,1.28364,2.08237,0.1121
8470,t2,t10,0,3.89662,-0.0258849
8470,t2,t9,1.28364,1.23752,0.1121
8480,t2,t10,0,3.89662,-0.0258849
8480,t2,t9,1.36082,1.23752,0.1121
8490,t2,t10,0,3.89662,-0.0258849
8490,t2,t9,1.36082,1.23752,0.1121
8500,t2,t10,0,3.89662,-0.0258849
8500,t2,t9,1.36082,1.23752,0.1121
8510,t2,t10,0,3.89662,-0.0258849
8510,t2,t9,1.36082,1.23752,0.1121
8520,t2,t10,0,4.94176,-0.0258849
8520,t2,t9,1.36082,1.23752,0.1121
8530,t2,t10,0,4.94176,-0.0258849
8530,t2,t9,1.2813,1.23752,0.1121
8540,t2,t10,0,7.07011,-0.0258849
8540,t2,t9,1.24718,1.23752,-0.240086
8550,t2,t10,0,7.07011,-0.0258849
8550,t2,t9,1.24718,1.23752,-0.240086
8560,t2,t10,0,7.07011,-0.242207
8560,t2,t9,1.24718,1.23752,-0.240086
8570,t2,t10,0,7.07011,-0.242207
8570,t2,t9,1.24718,1.23752,-0.240086
8580,t2,t10,0,7.07011,-0.242207
8580,t2,t9,1.24718,1.23752,-0.240086
8590,t2,t10,0,7.07011,-0.242207
8590,t2,t9,1.28406,1.23752,-0.240086
8600,t2,t10,0,7.07011,-0.242207
8600,t2,t9,1.30099,0.963975,-0.240086
8610,t2,t10,0,7.07011,-0.242207
8610,t2,t9,1.30099,1.30038,-0.240086
8620,t2,t10,0,7.07011,-0.242207
8620,t2,t9,1.30099,1.30038,-0.240086
8630,t2,t10,0,7.07011,-0.242207
8630,t2,t9,1.30255,1.30038,-0.0349717
8640,t2,t10,0,7.07011,-0.242207
8640,t2,t9,1.30255,1.30038,-0.0349717
8640,t10,NA,2.68836,5.46392,0.250611
8650,t2,t10,0,9.99373,-0.242207
8650,t2,t9,1.30255,1.30038,-0.0349717
8660,t2,t10,0,10.1718,-0.242207
8660,t2,t9,1.30255,1.30038,-0.0349717
8670,t2,t10,0,10.1718,-0.242207
8670,t2,t9,1.30255,1.10886,-0.0349717
8680,t2,t10,0,10.6643,-0.242207
8680,t2,t9,1.30255,1.10886,-0.0349717
8690,t2,t10,0,12.9895,-0.242207
8690,t2,t9,1.26704,1.10886,-0.0349717
8700,t2,t10,0,13.8252,-0.242207
8700,t2,t9,1.31918,1.10886,-0.0349717
8710,t2,t10,0,13.8252,-0.242207
8710,t2,t9,1.31918,1.10886,-0.0349717
8720,t2,t10,0,15.3964,0.0304175
8720,t2,t9,1.31918,1.10886,-0.0349717
8730,t2,t10,0,15.3964,0.0304175
8730,t2,t9,1.31918,1.10886,-0.0349717
8740,t2,t10,0,15.3964,0.0304175
8740,t2,t9,1.23856,1.10886,-0.0349717
8750,t2,t10,0,15.3964,0.0304175
8750,t2,t9,1.23856,1.10886,-0.0349717
8760,t2,t10,0,15.3964,-0.413865
8760,t2,t9,1.23856,1.10886,-0.0349717
8770,t2,t10,0,15.3964,-0.413865
8770,t2,t9,1.23856,1.10886,-0.0349717
8780,t2,t10,0,15.3964,-0.413865
8780,t2,t9,1.23856,1.10886,-0.0349717
8790,t2,t10,0,15.3964,-0.413865
8790,t2,t9,1.23856,1.10886,-0.0349717
8800,t2,t10,0,15.3964,-0.413865
8800,t2,t9,1.23856,1.10886,-0.0349717
8810,t2,t10,0,15.3964,-0.413865
8810,t2,t9,1.23856,0.838867,-0.0349717
8820,t2,t10,0,10.7185,-0.413865
8820,t2,t9,1.28475,0.838867,-0.0349717
8830,t2,t10,0,10.7185,-0.413865
8830,t2,t9,1.28475,0.838867,-0.0349717
8840,t2,t10,0,10.7185,-0.413865
8840,t2,t9,1.31731,0.838867,-0.0349717
8850,t2,t10,0,8.50659,-0.413865
8850,t2,t9,1.31731,0.838867,-0.0349717
8860,t2,t10,0,8.50659,-0.413865
8860,t2,t9,1.31731,0.838867,-0.0349717
8870,t2,t10,0,8.50659,-0.0639091
8870,t2,t9,1.31731,0.838867,-0.0349717
8880,t2,t10,0,8.50659,-0.0639091
8880,t2,t9,1.31731,0.838867,-0.0349717
8890,t2,t10,0,8.50659,-0.0639091
8890,t2,t9,1.31731,0.838867,-0.0349717
8900,t2,t10,0,8.50659,-0.0639091
8900,t2,t9,1.31656,0.838867,-0.0349717
8910,t2,t10,0,8.50659,-0.0639091
8910,t2,t9,1.31656,0.838867,-0.0349717
8920,t2,t10,0,8.50659,-0.0639091
8920,t2,t9,1.31656,0.838867,-0.0349717
8930,t2,t10,0,8.50659,-0.0639091
8930,t2,t9,1.31656,0.838867,-0.0349717
8940,t2,t10,0,8.50659,-0.0639091
8940,t2,t9,1.38305,0.838867,-0.0349717
8950,t2,t10,0,8.50659,-0.0639091
8950,t2,t9,1.38305,0.838867,-0.0349717
8960,t2,t10,0,7.18118,-0.0639091
8960,t2,t9,1.38305,0.838867,-0.0349717
8970,t2,t10,0,7.18118,-0.0639091
8970,t2,t9,1.37885,0.838867,-0.0349717
8980,t2,t10,0,7.18118,-0.0639091
8980,t2,t9,1.37885,0.838867,-0.0349717
8990,t2,t10,0,7.18118,-0.0639091
8990,t2,t9,1.37885,0.63971,-0.0349717
9000,t2,t10,0,5.26752,-0.416905
9010,t2,t10,0,4.48914,-0.416905
9020,t2,t10,0,4.48914,-0.416905
9030,t2,t10,0,4.48914,-0.416905
9040,t2,t10,0,4.48914,-0.416905
9050,t2,t10,0,4.48914,-0.416905
9060,t2,t10,0,4.48914,-0.416905
9070,t2,t10,0,4.48914,-0.416905
9080,t2,t10,0,4.48914,-0.416905
9090,t2,t10,0,4.48914,-0.3046
9100,t2,t10,0,4.48914,-0.3046
9110,t2,t10,0,4.48914,-0.3046
9120,t2,t10,0,4.48914,-0.3046
9130,t2,t10,0,4.48914,-0.3046
9140,t2,t10,0,7.00505,-0.3046
9150,t2,t10,0,7.00505,-0.3046
9160,t2,t10,0,7.00505,-0.434231
9170,t2,t10,0,7.00505,-0.434231
9180,t2,t10,0,7.62061,-0.434231
9190,t2,t10,0,7.62061,-0.434231
9200,t2,t10,0,7.62061,-0.434231
9210,t2,t10,0,4.76215,-0.434231
9220,t2,t10,0,4.76215,-0.434231
9230,t2,t10,0,4.76215,-0.434231
9240,t2,t10,0,4.76215,-0.434231
9250,t2,t10,0,4.76215,-0.434231
9260,t2,t10,0,4.76215,-0.434231
9270,t2,t10,0,4.76215,-0.434231
9280,t2,t10,0,4.76215,-0.434231
9290,t2,t10,0,4.76215,-0.434231
9300,t2,t10,0,4.76215,-0.434231
9310,t2,t10,0,4.76215,-0.434231
9320,t2,t10,0,4.76215,-0.434231
9330,t2,t10,0,4.76215,-0.434231
9340,t2,t10,0,4.76215,-0.434231
9350,t2,t10,0,4.76215,-0.434231
9360,t2,t10,0,4.76215,-0.434231
9370,t2,t10,0,4.76215,-0.434231
9380,t2,t10,0,4.76215,-0.434231
9390,t2,t10,0,3.00275,-0.434231
9400,t2,t10,0,3.00275,-0.434231
9410,t2,t10,0,3.00275,-0.434231
9420,t2,t10,0,3.00275,-0.434231
9430,t2,t10,0,3.00275,-0.434231
9440,t2,t10,0,3.00275,-0.434231
9450,t2,t10,0,4.09742,-0.434231
9460,t2,t10,0,4.09742,-0.434231
9470,t2,t10,0,4.09742,-0.434231
9480,t2,t10,0,4.09742,-0.434231
9490,t2,t10,0,4.09742,-0.434231
9500,t2,t10,0,4.09742,-0.434231
9510,t2,t10,0,4.09742,-0.434231
9520,t2,t10,0,4.09742,-0.434231
9530,t2,t10,0,4.09742,-0.434231
9540,t2,t10,0,4.09742,-0.434231
9550,t2,t10,0,4.09742,-0.434231
9560,t2,t10,0,3.00321,-0.122555
9570,t2,t10,0,3.00321,-0.122555
9580,t2,t10,0,3.00321,-0.0702885
9590,t2,t10,0,2.6339,-0.0702885
9600,t2,t10,0,2.6339,-0.0702885
9610,t2,t10,0,2.6339,-0.0702885
9620,t2,t10,0,2.6339,-0.0702885
9630,t2,t10,0,2.6339,-0.0702885
9640,t2,t10,0,2.13292,-0.0702885
9650,t2,t10,0,2.13292,-0.0702885
9660,t2,t10,0,2.13292,-0.0702885
9670,t2,t10,0,1.45199,-0.0702885
9680,t2,t10,0,1.45199,-0.0702885
9690,t2,t10,0,1.45199,-0.0702885
9700,t2,t10,0,1.45199,-0.0702885
9710,t2,t10,0,1.45199,-0.0702885
9720,t2,t10,0,1.45199,-0.0702885
9730,t2,t10,0,1.45199,-0.0702885
9740,t2,t10,0,1.45199,-0.0702885
9740,t1,NA,3.46687,1.88385,0.180432
9750,t2,t10,0,1.45199,-0.0702885
9760,t2,t10,0,1.98505,-0.0702885
9770,t2,t10,0,1.98505,-0.0702885
9780,t2,t10,0,2.39033,-0.0702885
9790,t2,t10,0,2.39033,-0.0702885
9800,t2,t10,0,2.39033,-0.0702885
9810,t2,t10,0,2.39033,-0.0702885
9820,t2,t10,0,2.39033,-0.0702885
9830,t2,t10,0,2.39033,-0.0702885
9840,t2,t10,0,2.39033,-0.0702885
9850,t2,t10,0,2.39033,-0.0702885
9860,t2,t10,0,2.39033,-0.0702885
9870,t2,t10,0,2.194,-0.0702885
9880,t2,t10,0,1.5946,-0.0702885
9890,t2,t10,0,1.5946,-0.0702885
9900,t2,t10,0,1.5946,-0.0702885
9910,t2,t10,0,1.5946,-0.0702885
9920,t2,t10,0,2.22018,-0.0117772
9930,t2,t10,0,2.22018,-0.0117772
9940,t2,t10,0,2.22018,-0.0117772
9950,t2,t10,0,2.22018,-0.0117772
9960,t2,t10,0,2.22018,0.179168
9970,t2,t10,0,2.22018,0.179168
9980,t2,t10,0,1.82423,0.179168
9990,t2,t10,0,1.82423,0.179168
